#Unix T+0 Time (s), file is set up with 1/15/2026 00:31:55 PST local horizon start
1768422601.00

# Delta T+ Time (s), ECEF Target Position (m), ECEF Target Velocity (m/s)
43314.00 -3045781.456145 -3904550.884432 4110027.835940 2917.555103 -5719.428970 -3453.391366
43319.00 -3031182.753494 -3933011.199207 4092746.047443 2921.711048 -5664.354592 -3458.969420
43324.00 -3016566.422409 -3961190.807388 4075441.758613 2924.606076 -5607.105742 -3462.383836
43329.00 -3001938.760795 -3989078.600911 4058125.964797 2926.239403 -5547.619051 -3463.561201
43334.00 -2987306.178157 -4016663.271245 4040810.034949 2926.570359 -5485.852485 -3462.427787
43339.00 -2972675.276362 -4043933.344686 4023505.674028 2925.562331 -5421.777028 -3458.918873
43344.00 -2958052.847663 -4070877.195174 4006224.914541 2923.180926 -5355.369783 -3452.975145
43349.00 -2943445.852320 -4097483.093982 3988980.071768 2919.388752 -5286.604699 -3444.537545
43354.00 -2928861.417841 -4123739.219482 3971783.730798 2914.152348 -5215.465207 -3433.562642
43359.00 -2914306.835046 -4149633.672227 3954648.726740 2907.435220 -5141.928961 -3420.000708
43364.00 -2899789.541874 -4175154.509492 3937588.116530 2899.216812 -5065.998286 -3403.803435
43369.00 -2885317.123935 -4200289.745101 3920615.203815 2889.483079 -4987.686452 -3384.916910
43374.00 -2870897.331486 -4225027.427105 3903743.452282 2878.150826 -4907.038013 -3363.372442
43379.00 -2856545.716469 -4249359.945392 3886985.073054 2860.627551 -4826.141307 -3339.972320
43384.00 -2842308.633224 -4273287.675699 3870338.962110 2832.638709 -4744.388000 -3319.401940
43389.00 -2828230.171313 -4296795.053629 3853780.583885 2798.168144 -4657.723219 -3304.428827
43394.00 -2814331.170879 -4319860.571070 3837297.055691 2761.088232 -4568.262248 -3288.352471
43399.00 -2800622.405229 -4342475.436946 3820903.707515 2722.103523 -4477.442858 -3268.368657
43404.00 -2787113.935430 -4364631.981478 3804617.901404 2680.881994 -4384.754699 -3245.609985
43409.00 -2773817.546594 -4386318.693899 3788451.139656 2637.265241 -4289.512390 -3220.747244
43414.00 -2760745.481273 -4407523.095687 3772413.933388 2591.144031 -4191.822446 -3193.770306
43419.00 -2747910.136797 -4428232.565602 3756517.655292 2542.591109 -4091.593701 -3164.209965
43424.00 -2735323.728199 -4448435.581986 3740777.245885 2491.563973 -3989.235255 -3131.386154
43429.00 -2722998.521481 -4468120.885079 3725209.713998 2438.093044 -3884.512943 -3095.037803
43434.00 -2710947.137495 -4487277.022556 3709832.859498 2382.045618 -3777.528418 -3055.066608
43439.00 -2699182.350685 -4505892.156594 3694665.403114 2323.413143 -3668.138018 -3011.311429
43444.00 -2687717.553648 -4523953.763679 3679725.571593 2262.062220 -3556.017147 -2964.037981
43449.00 -2676566.478212 -4541447.889061 3665030.704330 2197.912843 -3441.136956 -2913.308339
43454.00 -2665743.134445 -4558360.086521 3650598.847373 2130.864451 -3323.243018 -2858.764241
43459.00 -2655263.269051 -4574674.315629 3636450.349441 2060.511507 -3201.881648 -2799.888778
43464.00 -2645143.866336 -4590373.244842 3622607.619162 1986.696170 -3077.043385 -2736.377656
43469.00 -2635402.513743 -4605439.505638 3609095.325625 1909.266047 -2948.872184 -2667.586017
43474.00 -2626057.179683 -4619856.650883 3595941.553027 1828.276353 -2817.491417 -2592.927020
43479.00 -2617125.369544 -4633608.957754 3583176.164011 1743.860065 -2683.012800 -2512.234134
43484.00 -2608623.631556 -4646681.544832 3570829.434481 1656.274164 -2545.629533 -2425.534984
43489.00 -2600567.108818 -4659060.511906 3558929.351672 1565.851183 -2405.605419 -2333.812637
43494.00 -2592968.702703 -4670733.618504 3547498.618488 1473.120240 -2263.372981 -2237.854864
43499.00 -2585838.534071 -4681691.129307 3536557.332628 1378.667228 -2119.478364 -2138.101529
43504.00 -2579183.509064 -4691926.356708 3526123.265667 1283.187214 -1974.601792 -2035.045373
43509.00 -2573006.851149 -4701436.281904 3516211.531193 1187.454166 -1829.514237 -1929.265303
43514.00 -2567307.762755 -4710221.993492 3506834.130838 1092.317651 -1685.075725 -1821.400383
43519.00 -2562080.535176 -4718290.020795 3498000.900853 998.960435 -1542.738084 -1711.619562
43524.00 -2557305.168477 -4725662.707235 3489731.598211 913.744484 -1408.301558 -1593.837374
43529.00 -2552908.013812 -4732383.905537 3482080.171868 849.031792 -1280.414700 -1465.890846
43534.00 -2548780.174713 -4738460.817451 3475070.180570 804.009679 -1150.036429 -1339.119049
43539.00 -2544866.222443 -4743890.799770 3468679.224208 761.043253 -1023.208204 -1218.092151
43544.00 -2541175.453414 -4748705.592614 3462881.165893 714.699574 -903.935660 -1102.026086
43549.00 -2537722.106165 -4752942.584608 3457649.348685 666.615840 -791.799897 -991.728884
43554.00 -2534506.410276 -4756632.711643 3452953.360089 620.034945 -685.151458 -887.775394
43559.00 -2531518.267419 -4759803.425887 3448759.917381 575.584759 -584.196334 -790.809388
43564.00 -2528747.997899 -4762485.948169 3445032.521434 532.727803 -490.059476 -701.461243
43569.00 -2526188.868332 -4764717.198717 3441732.474203 491.109388 -403.732117 -619.841060
43574.00 -2523835.845303 -4766535.455161 3438822.226804 450.221867 -324.790574 -545.400949
43579.00 -2521684.798520 -4767977.547689 3436266.969689 410.468863 -253.351312 -477.855755
43584.00 -2519727.730875 -4769081.426375 3434032.462906 372.731378 -189.413040 -417.053495
43589.00 -2517952.687116 -4769884.659449 3432085.980245 337.847715 -133.180586 -362.514877
43594.00 -2516344.668526 -4770425.480342 3430396.780435 305.693836 -84.338711 -314.271695
43599.00 -2514891.708376 -4770740.045596 3428931.892308 276.117516 -42.761410 -272.909482
43604.00 -2513577.474694 -4770864.492486 3427657.146419 250.088295 -8.153653 -237.890044
43609.00 -2512385.998505 -4770832.947791 3426545.368948 226.906386 19.792944 -207.568240
43614.00 -2511305.172510 -4770676.015311 3425573.890398 205.813278 42.075118 -181.665439
43619.00 -2510321.631563 -4770417.882285 3424717.803123 188.779367 60.957184 -162.776546
43624.00 -2509412.938896 -4770071.308145 3423939.419835 174.720264 76.800533 -148.815450
43629.00 -2508572.840802 -4769656.397821 3423228.368699 161.450310 88.479538 -135.875018
43634.00 -2507796.307743 -4769191.882559 3422578.543472 149.383561 96.821354 -124.283343
43639.00 -2507077.017513 -4768692.785249 3421983.040361 138.550793 102.461873 -114.071778
43644.00 -2506408.809309 -4768171.349225 3421435.496215 128.917913 105.865144 -105.060492
43649.00 -2505785.843714 -4767637.606927 3420930.054596 120.442063 107.443484 -97.231204
43654.00 -2505202.629218 -4767099.594212 3420461.470795 113.048773 107.498388 -90.301344
43659.00 -2504653.608480 -4766564.381923 3420026.283196 106.730183 106.350949 -83.946235
43664.00 -2504133.822304 -4766036.967778 3419621.451211 101.321831 104.490622 -78.106467
43669.00 -2503639.537945 -4765520.998189 3419244.363794 94.733508 99.787431 -71.171969
43674.00 -2503251.356780 -4765112.022366 3418958.727255 65.223077 69.873876 -48.524298
43679.00 -2502956.137082 -4764786.758756 3418731.141088 54.161902 62.062071 -43.465084
43684.00 -2502700.533725 -4764481.872241 3418522.113487 48.024770 60.585255 -40.596393
43689.00 -2502506.816645 -4764220.120514 3418352.541524 32.027541 47.807848 -29.918527
43694.00 -2502362.397824 -4763987.795444 3418207.509356 25.803736 45.696001 -29.357256
43699.00 -2502244.976459 -4763760.284350 3418058.216844 21.363372 45.517075 -30.216851
43704.00 -2502143.951646 -4763536.620381 3417902.285645 19.511245 43.806151 -32.161637
43709.00 -2502047.466615 -4763321.914251 3417739.702478 19.161744 42.085938 -32.881149
43714.00 -2501950.158177 -4763114.403872 3417574.105494 20.808828 43.443211 -35.771515
43719.00 -2501840.857241 -4762886.052603 3417387.554223 18.388531 38.344024 -30.139653
43724.00 -2501756.035275 -4762714.788454 3417253.607686 14.958593 28.854759 -22.434970
43729.00 -2501703.277715 -4762616.842509 3417185.719704 8.165800 14.874584 -9.069220
43734.00 -2501675.371144 -4762564.617795 3417154.697100 3.007474 5.781403 -3.391056
43739.00 -2501662.997393 -4762540.691324 3417139.259615 2.163151 4.574356 -3.263693
43744.00 -2501650.695268 -4762517.480820 3417123.225862 2.569581 4.729445 -3.244810
43749.00 -2501637.993254 -4762493.389570 3417106.175371 2.808114 5.332720 -3.809098
43754.00 -2501624.210430 -4762467.153665 3417087.699807 2.859664 5.518135 -3.834261
43759.00 -2501609.349346 -4762439.454631 3417069.212979 2.823425 5.260324 -3.528968
43764.00 -2501594.246006 -4762411.309650 3417050.909551 2.845804 5.249658 -3.336895
43769.00 -2501579.866031 -4762384.006007 3417032.902003 3.059967 5.641663 -3.688425
43774.00 -2501565.874442 -4762357.622807 3417015.118369 2.952810 5.577578 -3.843614
43779.00 -2501552.128972 -4762331.415869 3416997.454001 2.570875 5.124498 -3.450403
43784.00 -2501537.895842 -4762304.549348 3416979.393230 2.780449 5.330568 -3.529906
43789.00 -2501523.087222 -4762276.313551 3416960.945322 2.904913 5.429839 -3.441031
43794.00 -2501508.249172 -4762248.889618 3416942.981177 3.169793 5.614901 -3.712364
43799.00 -2501494.063655 -4762223.322880 3416925.452094 2.979701 5.239765 -3.725969
43804.00 -2501479.284390 -4762198.017554 3416907.497932 2.772745 4.898137 -3.538945
43809.00 -2501464.479368 -4762172.172286 3416888.875239 2.734694 4.799178 -3.449024
43814.00 -2501450.078740 -4762146.219412 3416870.238826 2.975971 5.416101 -3.747048
43819.00 -2501436.184985 -4762120.298877 3416851.896773 2.951498 5.527474 -3.879124
43824.00 -2501422.408132 -4762094.502398 3416833.998495 2.656615 5.132044 -3.632899
43829.00 -2501408.410793 -4762068.134849 3416815.821864 2.570072 4.853270 -3.335382
43834.00 -2501394.822716 -4762042.011673 3416797.815403 2.807293 5.239554 -3.474351
43839.00 -2501382.250652 -4762017.772659 3416781.467711 2.752259 5.269698 -3.480253
43844.00 -2501368.918341 -4761991.937643 3416764.589873 2.636911 5.254830 -3.461678
43849.00 -2501355.227449 -4761964.819879 3416747.118523 2.412363 4.900704 -3.133317
43854.00 -2501342.494522 -4761938.898955 3416730.383311 2.621058 5.303313 -3.388373
43859.00 -2501330.270149 -4761914.442410 3416714.781679 2.638929 5.302744 -3.359769
43864.00 -2501317.295571 -4761887.968016 3416698.218669 2.616746 5.218106 -3.297745
43869.00 -2501303.429836 -4761860.410644 3416681.254921 2.542430 5.070992 -3.066139
43874.00 -2501290.073598 -4761834.257824 3416665.136591 2.790942 5.555018 -3.389825
43879.00 -2501277.016909 -4761808.878440 3416649.627927 2.781757 5.282744 -3.282918
43884.00 -2501263.607458 -4761782.675650 3416633.348816 2.637466 5.051923 -3.175922
43889.00 -2501249.723032 -4761755.863653 3416616.079819 2.559617 5.024613 -3.261899
43894.00 -2501236.623078 -4761730.970804 3416599.471627 2.695052 5.235810 -3.663962
43899.00 -2501223.804780 -4761706.088446 3416582.588686 2.738258 5.225130 -3.549241
43904.00 -2501210.915843 -4761680.549245 3416565.087829 2.494823 4.917834 -3.237521
43909.00 -2501197.678130 -4761654.366975 3416547.324495 2.487911 5.141110 -3.465165
43914.00 -2501185.028393 -4761629.299920 3416530.128226 2.653068 5.272260 -3.742603
43919.00 -2501177.932319 -4761614.761207 3416519.844146 -0.002313 -0.007345 0.004442
43924.00 -2501177.922535 -4761614.756981 3416519.836926 0.002613 0.001935 -0.002238
43929.00 -2501177.910024 -4761614.748120 3416519.826428 0.002458 0.001574 -0.001964
43934.00 -2501177.898357 -4761614.740983 3416519.817237 0.002300 0.001239 -0.001718
43939.00 -2501177.887478 -4761614.735443 3416519.809196 0.002143 0.000935 -0.001503
43944.00 -2501177.877326 -4761614.731373 3416519.802153 0.001988 0.000662 -0.001319
43949.00 -2501177.867991 -4761614.728563 3416519.795963 0.001838 0.000419 -0.001162