#Unix T+0 Time (s)
1785553723.00

# Delta T+ Time (s), ECEF Target Position (m), ECEF Target Velocity (m/s)
0.00 -2675270.538515 -4521717.733824 3604438.836864 0.000000 0.000000 0.000000
1.00 -2675271.124366 -4521718.728255 3604439.631294 -1.194184 -2.026186 1.619940
2.00 -2675272.993499 -4521721.894094 3604442.167020 -2.573812 -4.352814 3.492028
3.00 -2675276.342656 -4521727.546836 3604446.710551 -4.139441 -6.975292 5.615066
4.00 -2675281.292516 -4521735.875600 3604453.424111 -5.768846 -9.696520 7.823694
5.00 -2675287.898623 -4521746.970548 3604462.382101 -7.453848 -12.511573 10.106397
6.00 -2675296.223413 -4521760.938697 3604473.668195 -9.208062 -15.446472 12.482706
7.00 -2675306.333481 -4521777.895601 3604487.373300 -11.017895 -18.477624 14.935732
8.00 -2675318.273375 -4521797.917507 3604503.558841 -12.867865 -21.576514 17.443670
9.00 -2675332.081003 -4521821.068185 3604522.275871 -14.752409 -24.733015 19.996538
10.00 -2675347.792467 -4521847.406975 3604543.569819 -16.675964 -27.953706 22.598089
11.00 -2675365.443133 -4521876.992785 3604567.485081 -18.631522 -31.228477 25.241822
12.00 -2675385.063271 -4521909.876922 3604594.072694 -20.613948 -34.548622 27.943307
13.00 -2675406.684568 -4521946.112068 3604623.377164 -22.637739 -37.937200 30.660744
14.00 -2675430.361234 -4521985.791407 3604655.371410 -24.729491 -41.447010 33.314588
15.00 -2675456.168806 -4522029.051915 3604689.972741 -26.898205 -45.097201 35.871856
16.00 -2675484.183224 -4522076.031525 3604727.084955 -29.143649 -48.885833 38.339767
17.00 -2675514.479975 -4522126.866459 3604766.624351 -31.462190 -52.806056 40.726193
18.00 -2675547.132655 -4522181.688014 3604808.511904 -33.855736 -56.859764 43.036897
19.00 -2675582.213340 -4522240.624607 3604852.669858 -36.318024 -61.034805 45.266825
20.00 -2675619.792889 -4522303.799998 3604899.020003 -38.853036 -65.337708 47.421008
21.00 -2675659.944052 -4522371.343506 3604947.487264 -41.462125 -69.771599 49.502252
22.00 -2675702.736688 -4522443.378037 3604997.995422 -44.135259 -74.319086 51.502969
23.00 -2675748.237903 -4522520.021931 3605050.469100 -46.878013 -78.987068 53.431602
24.00 -2675796.517431 -4522601.395339 3605104.837170 -49.693158 -83.781583 55.294265
25.00 -2675847.646889 -4522687.625231 3605161.035299 -52.576059 -88.696545 57.090040
26.00 -2675901.692970 -4522778.831905 3605218.996924 -55.525759 -93.736130 58.821471
27.00 -2675958.721899 -4522875.142662 3605278.658461 -58.541442 -98.904076 60.489333
28.00 -2676018.798336 -4522976.684760 3605339.954415 -61.622052 -104.201532 62.091407
29.00 -2676081.987638 -4523083.587117 3605402.818316 -64.769064 -109.625880 63.626365
30.00 -2676148.358640 -4523195.978468 3605467.185139 -67.984239 -115.178238 65.096355
31.00 -2676217.980369 -4523313.987192 3605532.990107 -71.272626 -120.862738 66.504189
32.00 -2676290.928644 -4523437.749354 3605600.173185 -74.636438 -126.685473 67.852147
33.00 -2676367.277762 -4523567.405755 3605668.674131 -78.072006 -132.648181 69.137891
34.00 -2676447.094309 -4523703.090980 3605738.427485 -81.572024 -138.745882 70.358585
35.00 -2676530.444418 -4523844.942929 3605809.370040 -85.139890 -144.980668 71.515447
36.00 -2676617.398403 -4523993.096835 3605881.433580 -88.782549 -151.351627 72.599276
37.00 -2676708.040305 -4524147.691274 3605954.539313 -92.518403 -157.859794 73.595714
38.00 -2676802.474181 -4524308.863198 3606028.590361 -96.370654 -164.507325 74.487850
39.00 -2676900.823332 -4524476.743420 3606103.471118 -100.351724 -171.274328 75.251132
40.00 -2677003.228665 -4524651.452840 3606179.043493 -104.487333 -178.166627 75.868318
41.00 -2677109.854165 -4524833.112025 3606255.150160 -108.794400 -185.171105 76.315606
42.00 -2677220.880284 -4525021.833028 3606331.614404 -113.290140 -192.289822 76.582386
43.00 -2677336.499280 -4525217.726638 3606408.251308 -117.979558 -199.511913 76.657833
44.00 -2677456.907437 -4525420.890398 3606484.862487 -122.870961 -206.831129 76.529638
45.00 -2677582.312244 -4525631.419462 3606561.239473 -127.973982 -214.240532 76.188027
46.00 -2677712.921941 -4525849.394675 3606637.164409 -133.277264 -221.721199 75.624655
47.00 -2677848.930724 -4526074.887346 3606712.415565 -138.773260 -229.279732 74.842496
48.00 -2677990.523467 -4526307.973562 3606786.777384 -144.433288 -236.896041 73.844639
49.00 -2678137.836555 -4526548.685875 3606860.036187 -150.190631 -244.500905 72.631394
50.00 -2678290.332839 -4526796.076751 3606931.707221 -154.498847 -249.815329 70.549310
51.00 -2678446.522950 -4527047.847848 3607000.974861 -157.834111 -253.658896 67.959870
52.00 -2678605.972640 -4527303.352542 3607067.590973 -161.064369 -257.343817 65.249479
53.00 -2678768.657780 -4527562.523413 3607131.413704 -164.311763 -260.995078 62.364991
54.00 -2678934.611904 -4527825.346850 3607192.267712 -167.603704 -264.656266 59.322230
55.00 -2679103.877659 -4528091.843476 3607250.019948 -170.934907 -268.342275 56.164061
56.00 -2679276.501453 -4528362.047165 3607304.556018 -174.323500 -272.073231 52.885681
57.00 -2679452.590862 -4528636.069065 3607355.759184 -178.047913 -276.238704 49.550496
58.00 -2679633.246234 -4528915.428979 3607403.772891 -183.501294 -282.802872 46.495072
59.00 -2679819.772077 -4529201.884678 3607448.690261 -189.587290 -290.138646 43.295746
60.00 -2680012.497298 -4529495.777560 3607490.291352 -195.893871 -297.676917 39.874577
61.00 -2680211.624553 -4529797.302180 3607528.375082 -202.397200 -305.408111 36.258003
62.00 -2680417.351903 -4530106.643629 3607562.728361 -209.072459 -313.278054 32.404640
63.00 -2680629.787881 -4530423.847975 3607593.097637 -215.817525 -321.137054 28.294140
64.00 -2680849.050630 -4530748.966730 3607619.242527 -222.735126 -329.119373 23.958212
65.00 -2681075.318557 -4531082.130488 3607640.939066 -229.835525 -337.234375 19.396904
66.00 -2681308.784527 -4531423.474218 3607657.958464 -237.125755 -345.468664 14.602281
67.00 -2681549.611336 -4531773.072076 3607670.063400 -244.543558 -353.722104 9.567664
68.00 -2681797.903108 -4532130.909590 3607677.013035 -252.059367 -361.957937 4.290265
69.00 -2682053.783480 -4532497.025958 3607678.559162 -259.738182 -370.308561 -1.241149
70.00 -2682317.443777 -4532871.583534 3607674.443590 -267.605689 -378.824760 -7.033417
71.00 -2682589.017762 -4533254.683666 3607664.405528 -275.553067 -387.379432 -13.085614
72.00 -2682868.575653 -4533646.357802 3607648.186241 -283.577699 -395.983283 -19.396586
73.00 -2683156.202400 -4534046.682831 3607625.524735 -291.698509 -404.693907 -25.970406
74.00 -2683452.002724 -4534455.779776 3607596.160851 -299.928199 -413.533865 -32.800109
75.00 -2683756.109197 -4534873.820662 3607559.839632 -308.306666 -422.578703 -39.883973
76.00 -2684068.655445 -4535300.988471 3607516.309813 -316.805476 -431.782233 -47.218127
77.00 -2684389.733065 -4535737.399111 3607465.320636 -325.348499 -441.035085 -54.801287
78.00 -2684719.363715 -4536183.066111 3607406.621063 -333.927745 -450.316585 -62.643506
79.00 -2685057.629599 -4536638.085463 3607339.938108 -342.619042 -459.741287 -70.768999
80.00 -2685404.634243 -4537102.587037 3607264.990517 -351.403302 -469.277154 -79.171344
81.00 -2685760.487995 -4537576.703007 3607181.498331 -360.335222 -478.992219 -87.863527
82.00 -2686125.364572 -4538060.640624 3607089.162093 -369.446948 -488.917593 -96.859060
83.00 -2686499.428996 -4538554.598763 3606987.684782 -378.697904 -499.020135 -106.140493
84.00 -2686882.768945 -4539058.691226 3606876.797978 -387.990754 -509.176395 -115.677972
85.00 -2687275.430333 -4539572.980941 3606756.234227 -397.346797 -519.423687 -125.499474
86.00 -2687677.522008 -4540097.611812 3606625.690970 -406.866675 -529.873759 -135.640840
87.00 -2688089.214420 -4540632.786174 3606484.845749 -416.537457 -540.495585 -146.100298
88.00 -2688510.638092 -4541178.645248 3606333.392700 -426.330667 -551.244027 -156.852402
89.00 -2688941.903093 -4541735.304764 3606171.054345 -436.214304 -562.093184 -167.868351
90.00 -2689383.104852 -4542302.875820 3605997.565151 -446.208321 -573.070611 -179.156131
91.00 -2689834.352326 -4542881.482760 3605812.650727 -456.305167 -584.164818 -190.719702
92.00 -2690295.746519 -4543471.235123 3605616.033781 -466.502559 -595.358318 -202.566365
93.00 -2690767.386326 -4544072.220327 3605407.418210 -476.790324 -606.620419 -214.700416
94.00 -2691249.363005 -4544684.504631 3605186.613122 -487.189323 -617.975810 -226.899694
95.00 -2691741.826487 -4545308.249036 3604953.648553 -497.779119 -629.568570 -239.018553
96.00 -2692245.008104 -4545943.754818 3604708.588028 -508.621822 -641.491385 -251.097489
97.00 -2692759.136983 -4546591.315154 3604451.460971 -519.665046 -653.664673 -263.153690
98.00 -2693284.395205 -4547251.154266 3604182.281005 -530.877041 -666.046492 -275.208106
99.00 -2693820.928038 -4547923.455050 3603901.040850 -542.203268 -678.572142 -287.275358
100.00 -2694368.833774 -4548608.334129 3603607.718930 -553.627431 -691.208598 -299.377853
101.00 -2694928.223394 -4549305.919737 3603302.262456 -565.178025 -703.993319 -311.550434
102.00 -2695499.271870 -4550016.419558 3602984.570849 -576.950589 -717.045286 -323.854218
103.00 -2696082.175316 -4550740.070567 3602654.513904 -588.881110 -730.283915 -336.280193
104.00 -2696677.075329 -4551477.028329 3602311.973050 -600.939264 -743.653010 -348.819818
105.00 -2697284.127748 -4552227.462074 3601956.820703 -613.209346 -757.265221 -361.516245
106.00 -2697903.569351 -4552991.643115 3601588.878439 -625.706516 -771.133014 -374.400176
107.00 -2698535.594544 -4553769.785642 3601207.957646 -638.367379 -785.176039 -387.472160
108.00 -2699180.342691 -4554562.029948 3600813.876304 -651.144483 -799.324973 -400.717678
109.00 -2699837.921940 -4555368.470632 3600406.464279 -664.040002 -813.582701 -414.138372
110.00 -2700508.486178 -4556189.260981 3599985.530403 -677.126194 -828.039305 -427.766829
111.00 -2701192.248203 -4557024.631201 3599550.856102 -690.426164 -842.731226 -441.615207
112.00 -2701889.394465 -4557874.780475 3599102.234246 -703.903500 -857.607206 -455.664731
113.00 -2702600.135514 -4558739.934179 3598639.452394 -717.610645 -872.735282 -469.931644
114.00 -2703324.667307 -4559620.302951 3598162.314445 -731.483285 -888.032603 -484.373880
115.00 -2704063.171962 -4560516.070913 3597670.641808 -745.557791 -903.536368 -499.000746
116.00 -2704815.843729 -4561427.437498 3597164.256699 -759.830250 -919.244679 -513.804149
117.00 -2705582.924158 -4562354.660162 3596642.964146 -774.362268 -935.235085 -528.807835
118.00 -2706364.631690 -4563297.975504 3596106.588623 -789.093308 -951.438716 -543.972982
119.00 -2707161.177473 -4564257.604586 3595554.967643 -804.029831 -967.851777 -559.292509
120.00 -2707972.761545 -4565233.751915 3594987.955350 -819.172176 -984.476647 -574.754320
121.00 -2708799.575338 -4566226.608108 3594405.423115 -834.489474 -1001.271385 -590.331725
122.00 -2709641.814095 -4567236.373744 3593807.246749 -850.018235 -1018.291295 -606.039325
123.00 -2710499.677239 -4568263.261433 3593193.307055 -865.743835 -1035.524480 -621.859814
124.00 -2711373.372516 -4569307.500745 3592563.489565 -881.681408 -1052.992081 -637.792734
125.00 -2712263.145430 -4570369.369089 3591917.667163 -897.911427 -1070.801781 -653.876134
126.00 -2713169.280886 -4571449.206822 3591255.693951 -914.391833 -1088.910540 -670.087096
127.00 -2714091.998057 -4572547.267917 3590577.454020 -931.071550 -1107.244691 -686.410671
128.00 -2715031.489017 -4573663.770811 3589882.832643 -947.950352 -1125.808604 -702.854690
129.00 -2715987.969057 -4574798.975153 3589171.721850 -965.046973 -1144.646066 -719.383309
130.00 -2716961.706897 -4575953.181582 3588443.937251 -982.510203 -1163.832090 -736.305670
131.00 -2717953.118834 -4577126.703425 3587698.800902 -1000.369613 -1183.224287 -754.148428
132.00 -2718962.536831 -4578319.620534 3586935.264023 -1018.481671 -1202.566966 -773.100599
133.00 -2719990.097309 -4579531.735950 3586152.270091 -1036.648119 -1221.617167 -793.049348
134.00 -2721035.884931 -4580762.807061 3585348.824035 -1054.967266 -1240.520374 -814.018936
135.00 -2722100.094119 -4582012.745759 3584523.911589 -1073.316537 -1259.151726 -835.835836
136.00 -2723182.210775 -4583280.665990 3583677.148437 -1090.889159 -1276.614077 -857.772958
137.00 -2724281.907615 -4584565.931324 3582808.151005 -1108.517988 -1293.894953 -880.320517
138.00 -2725399.267508 -4585868.416704 3581916.317981 -1126.218929 -1311.068320 -903.445004
139.00 -2726534.403567 -4587188.081498 3581001.041686 -1144.086203 -1328.273726 -927.221175
140.00 -2727687.476498 -4588524.958167 3580061.672717 -1161.992089 -1345.383311 -951.542062
141.00 -2728858.146751 -4589878.544811 3579098.024079 -1179.295096 -1361.718785 -975.763457
142.00 -2730046.037404 -4591248.357204 3578110.097544 -1196.491861 -1377.916418 -1000.113863
143.00 -2731251.176933 -4592634.443870 3577097.759225 -1213.819074 -1394.302132 -1024.567390
144.00 -2732473.779576 -4594037.105289 3576060.954483 -1231.461827 -1411.121708 -1049.051930
145.00 -2733714.193658 -4595456.821987 3574999.697895 -1249.183670 -1428.122134 -1073.242082
146.00 -2734971.659971 -4596892.829169 3573914.998394 -1265.599491 -1443.735653 -1095.983572
147.00 -2736244.122382 -4598342.887003 3572808.876295 -1276.951711 -1453.727845 -1114.232545
148.00 -2737520.446229 -4599794.554064 3571690.861334 -1274.666533 -1448.455924 -1120.924516
149.00 -2738793.176119 -4601239.487993 3570567.263908 -1270.793108 -1441.412478 -1126.269793
150.00 -2740068.548145 -4602684.641625 3569432.746516 -1267.419298 -1434.922659 -1132.048096
151.00 -2741334.146712 -4604116.174244 3568297.929831 -1263.720989 -1428.079874 -1137.536315
152.00 -2742595.939211 -4605540.745407 3567157.718506 -1259.852006 -1421.049573 -1142.875577
153.00 -2743853.849932 -4606958.273283 3566012.180470 -1255.969383 -1414.006796 -1148.200038
154.00 -2745107.878178 -4608368.759995 3564861.319369 -1252.087129 -1406.967145 -1153.521683
155.00 -2746358.024335 -4609772.208499 3563705.138082 -1248.205074 -1399.930412 -1158.840393
156.00 -2747604.288461 -4611168.621643 3562543.639602 -1244.323037 -1392.896387 -1164.156043
157.00 -2748847.162918 -4612558.552598 3561376.424289 -1242.350305 -1387.998158 -1171.022128
158.00 -2750089.626946 -4613945.325312 3560201.104854 -1242.587760 -1385.554903 -1179.616252
159.00 -2751332.363214 -4615329.685683 3559017.175839 -1242.927326 -1383.211710 -1188.281537
160.00 -2752575.536270 -4616711.805961 3557824.469525 -1243.432640 -1381.041928 -1197.162086
161.00 -2753819.240937 -4618091.785978 3556622.799344 -1243.972419 -1378.917588 -1206.195526
162.00 -2755063.465924 -4619469.627267 3555412.052620 -1244.467285 -1376.754511 -1215.306506
163.00 -2756308.168177 -4620845.286360 3554192.166644 -1244.940509 -1374.566065 -1224.474328
164.00 -2757553.349243 -4622218.754279 3552963.101604 -1245.426018 -1372.371502 -1233.657633
165.00 -2758799.027904 -4623590.033244 3551724.855519 -1245.942752 -1370.194925 -1242.835968
166.00 -2760045.260322 -4624959.167693 3550477.418269 -1246.521580 -1368.073134 -1252.035630
167.00 -2761292.072697 -4626326.186927 3549220.783375 -1247.104660 -1365.971065 -1261.238431
168.00 -2762539.473358 -4627691.119680 3547954.933409 -1247.696934 -1363.896200 -1270.462765
169.00 -2763787.481242 -4629053.996107 3546679.842529 -1248.315366 -1361.850740 -1279.715147
170.00 -2765036.114637 -4630414.827256 3545395.497563 -1248.954352 -1359.812579 -1288.976965
171.00 -2766285.387423 -4631773.614563 3544101.893879 -1249.594002 -1357.766351 -1298.231551
172.00 -2767535.316046 -4633130.373465 3542799.025358 -1250.260293 -1355.747944 -1307.501347
173.00 -2768785.936607 -4634485.144630 3541486.869530 -1250.984799 -1353.801757 -1316.811130
174.00 -2770037.292348 -4635837.990158 3540165.394926 -1251.735222 -1351.901572 -1326.147970
175.00 -2771289.414200 -4637188.957108 3538834.566774 -1252.502230 -1350.023974 -1335.503337
176.00 -2772542.292716 -4638538.029744 3537494.392303 -1253.266510 -1348.132462 -1344.855541
177.00 -2773795.949914 -4639885.217428 3536144.860432 -1254.056989 -1346.249605 -1354.214125
178.00 -2775050.409236 -4641230.530498 3534785.965027 -1254.858546 -1344.373863 -1363.572419
179.00 -2776305.669463 -4642573.968821 3533417.716322 -1255.665961 -1342.509195 -1372.929235
180.00 -2777561.739286 -4643915.551994 3532040.104487 -1256.478798 -1340.664639 -1382.299536
181.00 -2778818.621749 -4645255.293524 3530653.119182 -1257.291722 -1338.823607 -1391.676771
182.00 -2780076.216355 -4646593.082659 3529256.846060 -1258.290472 -1337.186106 -1401.214500
183.00 -2781335.005588 -4647929.449866 3527850.871142 -1259.301595 -1335.561584 -1410.743179
184.00 -2782594.832022 -4649264.215327 3526435.356287 -1260.339599 -1333.956595 -1420.274981
185.00 -2783855.698082 -4650597.376852 3525010.310499 -1261.389538 -1332.365790 -1429.817749
186.00 -2785117.616485 -4651928.955515 3523575.708508 -1262.445465 -1330.788720 -1439.388369
187.00 -2786380.591907 -4653258.956840 3522131.526952 -1263.504548 -1329.212536 -1448.974811
188.00 -2787644.631513 -4654587.385246 3520677.755354 -1264.578593 -1327.647771 -1458.568970
189.00 -2788909.753452 -4655914.254833 3519214.393317 -1265.672748 -1326.099158 -1468.157311
190.00 -2790175.984914 -4657239.595601 3517741.437058 -1266.786591 -1324.580961 -1477.750219
191.00 -2791443.326114 -4658563.421189 3516258.889799 -1267.889165 -1323.065107 -1487.341401
192.00 -2792711.778803 -4659885.746551 3514766.733453 -1269.018073 -1321.587103 -1496.976245
193.00 -2793981.352198 -4661206.581676 3513264.943200 -1270.133648 -1320.086219 -1506.607653
194.00 -2795252.062956 -4662525.928417 3511753.508869 -1271.284765 -1318.599873 -1516.254303
195.00 -2796523.926398 -4663843.780832 3510232.440344 -1272.437113 -1317.097456 -1525.874059
196.00 -2797796.951916 -4665160.140504 3508701.756577 -1273.613662 -1315.625162 -1535.493360
197.00 -2799071.153427 -4666475.038608 3507161.448114 -1274.787863 -1314.172097 -1545.125069
198.00 -2800346.525850 -4667788.488563 3505611.499127 -1275.949449 -1312.722346 -1554.771498
199.00 -2801623.061021 -4669100.493713 3504051.890792 -1277.125859 -1311.291122 -1564.452330
200.00 -2802900.792363 -4670411.081942 3502482.583289 -1278.332544 -1309.878240 -1574.155906
201.00 -2804179.737621 -4671720.256384 3500903.578957 -1279.570656 -1308.480338 -1583.858406
202.00 -2805459.938285 -4673028.044086 3499314.869371 -1280.836587 -1307.102609 -1593.566664
203.00 -2806741.388083 -4674334.446545 3497716.462113 -1282.071045 -1305.715582 -1603.256834
204.00 -2808024.087357 -4675639.487486 3496108.347900 -1283.323087 -1304.363253 -1612.970336
205.00 -2809308.045539 -4676943.187543 3494490.508906 -1284.582923 -1303.022388 -1622.697883
206.00 -2810593.260742 -4678245.534238 3492862.943883 -1285.848576 -1301.668998 -1632.434696
207.00 -2811879.733323 -4679546.502571 3491225.651606 -1287.116637 -1300.286144 -1642.165571
208.00 -2813167.502172 -4680846.118672 3489578.609149 -1288.423607 -1298.953066 -1651.920733
209.00 -2814456.575396 -4682144.413963 3487921.815583 -1289.722579 -1297.642364 -1661.665712
210.00 -2815746.950937 -4683441.416568 3486255.268923 -1291.024195 -1296.361747 -1671.426095
211.00 -2817038.635176 -4684737.148359 3484578.949323 -1292.342819 -1295.096490 -1681.213656
212.00 -2818331.650542 -4686031.615640 3482892.827065 -1293.692874 -1293.836739 -1691.034095
213.00 -2819626.025547 -4687324.819483 3481196.878990 -1295.063061 -1292.575107 -1700.865270
214.00 -2820921.784532 -4688616.771165 3479491.089283 -1296.453150 -1291.326879 -1710.712539
215.00 -2822218.938084 -4689907.481829 3477775.446296 -1297.848949 -1290.090830 -1720.571559
216.00 -2823517.488396 -4691196.963261 3476049.939074 -1299.260611 -1288.883797 -1730.454815
217.00 -2824817.461604 -4692485.252801 3474314.525771 -1300.691736 -1287.698716 -1740.380692
218.00 -2826118.862521 -4693772.343449 3472569.179070 -1302.120068 -1286.489641 -1750.323497
219.00 -2827421.695506 -4695058.218494 3470813.882476 -1303.544168 -1285.255523 -1760.268968
220.00 -2828725.965780 -4696342.870850 3469048.624594 -1305.004014 -1284.061392 -1770.254793
221.00 -2830031.697727 -4697626.343489 3467273.379915 -1306.463537 -1282.892337 -1780.236628
222.00 -2831338.885007 -4698908.656143 3465488.155431 -1307.910095 -1281.732757 -1790.213694
223.00 -2832647.524474 -4700189.814149 3463692.942001 -1309.372609 -1280.583124 -1800.217983
224.00 -2833957.640651 -4701469.825416 3461887.705816 -1310.851304 -1279.424535 -1810.249939
225.00 -2835269.245972 -4702748.670960 3460072.423025 -1312.357032 -1278.261943 -1820.316469
226.00 -2836582.371612 -4704026.369960 3458247.052393 -1313.897823 -1277.140652 -1830.427856
227.00 -2837897.039131 -4705302.953516 3456411.567154 -1315.435608 -1276.029671 -1840.541144
228.00 -2839213.255918 -4706578.455442 3454565.955522 -1316.991504 -1274.971763 -1850.676703
229.00 -2840531.019749 -4707852.898854 3452710.213621 -1318.533285 -1273.911968 -1860.807430
230.00 -2841850.327693 -4709126.277112 3450844.329748 -1320.092503 -1272.847335 -1870.973173
231.00 -2843171.202649 -4710398.579444 3448968.262004 -1321.656726 -1271.749668 -1881.164532
232.00 -2844493.649126 -4711669.774745 3447081.992553 -1323.249290 -1270.651963 -1891.388685
233.00 -2845817.692068 -4712939.875744 3445185.495398 -1324.835384 -1269.554004 -1901.602964
234.00 -2847143.328260 -4714208.900596 3443278.780017 -1326.447953 -1268.513760 -1911.839537
235.00 -2848470.584796 -4715476.907508 3441361.817900 -1328.059258 -1267.497179 -1922.082280
236.00 -2849799.466016 -4716743.913854 3439434.591947 -1329.696811 -1266.503604 -1932.365187
237.00 -2851129.979311 -4718009.908811 3437497.079486 -1331.324071 -1265.477041 -1942.657332
238.00 -2852462.131110 -4719274.874519 3435549.257120 -1332.980336 -1264.450628 -1952.988670
239.00 -2853795.951249 -4720538.815423 3433591.087418 -1334.665351 -1263.433906 -1963.354472
240.00 -2855131.468718 -4721801.753026 3431622.540650 -1336.362200 -1262.438174 -1973.732702
241.00 -2856468.700813 -4723063.728843 3429643.594448 -1338.097186 -1261.514560 -1984.156450
242.00 -2857807.650529 -4724324.776138 3427654.234728 -1339.800252 -1260.580237 -1994.564461
243.00 -2859148.314482 -4725584.900528 3425654.448544 -1341.535439 -1259.673103 -2005.017097
244.00 -2860490.721283 -4726844.110179 3423644.192951 -1343.285074 -1258.744594 -2015.501769
245.00 -2861834.893490 -4728102.384896 3421623.434051 -1345.055540 -1257.798239 -2026.014081
246.00 -2863180.854541 -4729359.730796 3419592.143125 -1346.860426 -1256.892531 -2036.563198
247.00 -2864528.611444 -4730616.178179 3417550.308810 -1348.654629 -1256.011336 -2047.108019
248.00 -2865878.141017 -4731871.739308 3415497.946256 -1350.411831 -1255.121793 -2057.626478
249.00 -2867229.445969 -4733126.431248 3413435.040388 -1352.197755 -1254.258242 -2068.188591
250.00 -2868582.542092 -4734380.253000 3411361.554161 -1353.985021 -1253.372041 -2078.781435
251.00 -2869937.432109 -4735633.178811 3409277.460809 -1355.798974 -1252.480341 -2089.410058
252.00 -2871294.137765 -4736885.207351 3407182.739967 -1357.628414 -1251.593597 -2100.044028
253.00 -2872652.698739 -4738136.375759 3405077.369513 -1359.489644 -1250.740081 -2110.690875
254.00 -2874013.133385 -4739386.709451 3402961.340430 -1361.389766 -1249.943632 -2121.381591
255.00 -2875375.468477 -4740636.262277 3400834.603498 -1363.271877 -1249.155918 -2132.090535
256.00 -2876739.668618 -4741885.012043 3398697.152301 -1365.121812 -1248.334734 -2142.809545
257.00 -2878105.740942 -4743132.957570 3396548.947905 -1367.028935 -1247.557859 -2153.605974
258.00 -2879473.728349 -4744380.123211 3394389.937252 -1368.947198 -1246.772310 -2164.414385
259.00 -2880843.642509 -4745626.508856 3392220.116821 -1370.885267 -1246.003581 -2175.226788
260.00 -2882215.501034 -4746872.130709 3390039.488401 -1372.840013 -1245.249271 -2186.038450
261.00 -2883589.324611 -4748117.009010 3387848.033640 -1374.806005 -1244.504912 -2196.872876
262.00 -2884965.117583 -4749361.145614 3385645.723933 -1376.790969 -1243.780830 -2207.767274
263.00 -2886342.897613 -4750604.564480 3383432.494359 -1378.765263 -1243.056456 -2218.695586
264.00 -2887722.658323 -4751847.271865 3381208.316285 -1380.755250 -1242.355627 -2229.659172
265.00 -2889104.420221 -4753089.281744 3378973.173073 -1382.772165 -1241.664439 -2240.626043
266.00 -2890488.209939 -4754330.603806 3376727.064655 -1384.810122 -1240.982586 -2251.592000
267.00 -2891874.046022 -4755571.246497 3374469.983796 -1386.858417 -1240.295837 -2262.567746
268.00 -2893261.948661 -4756811.216143 3372201.897342 -1388.944103 -1239.640733 -2273.607571
269.00 -2894651.926336 -4758050.522123 3369922.762744 -1391.015099 -1238.978144 -2284.671249
270.00 -2896043.987972 -4759289.184047 3367632.540071 -1393.104922 -1238.342881 -2295.771257
271.00 -2897438.153852 -4760527.226352 3365331.202599 -1395.233527 -1237.748462 -2306.909675
272.00 -2898834.440285 -4761764.662803 3363018.737094 -1397.339930 -1237.124152 -2318.021972
273.00 -2900232.854493 -4763001.492024 3360695.137256 -1399.483721 -1236.528120 -2329.175168
274.00 -2901633.397294 -4764237.706547 3358360.388872 -1401.620281 -1235.917975 -2340.345255
275.00 -2903036.099013 -4765473.327621 3356014.429405 -1403.779309 -1235.318679 -2351.577202
276.00 -2904440.971018 -4766708.351119 3353657.213973 -1405.963949 -1234.726156 -2362.852830
277.00 -2905848.021377 -4767942.774535 3351288.734219 -1408.151920 -1234.136676 -2374.120551
278.00 -2907257.289779 -4769176.647633 3348908.962911 -1410.375095 -1233.606102 -2385.412570
279.00 -2908668.774880 -4770410.000202 3346517.907291 -1412.598171 -1233.106663 -2396.704076
280.00 -2910082.475134 -4771642.856156 3344115.561461 -1414.803840 -1232.605937 -2407.992963
281.00 -2911498.389490 -4772875.210290 3341701.907263 -1417.020452 -1232.090554 -2419.315928
282.00 -2912916.544878 -4774107.044938 3339276.896665 -1419.299120 -1231.581920 -2430.719324
283.00 -2914336.991920 -4775338.371189 3336840.453029 -1421.601015 -1231.075775 -2442.179100
284.00 -2915759.750650 -4776569.202035 3334392.530256 -1423.913090 -1230.585592 -2453.662292
285.00 -2917184.820968 -4777799.554298 3331933.128377 -1426.225371 -1230.123955 -2465.137255
286.00 -2918612.214623 -4779029.471801 3329462.243474 -1428.572291 -1229.723294 -2476.643761
287.00 -2920041.959142 -4780258.991084 3326979.836178 -1430.915043 -1229.309221 -2488.177258
288.00 -2921474.052862 -4781488.086130 3324485.860262 -1433.275863 -1228.877092 -2499.788905
289.00 -2922908.512818 -4782716.737299 3321980.236219 -1435.644267 -1228.422355 -2511.469136
290.00 -2924345.357536 -4783944.945645 3319462.901004 -1438.036348 -1227.987872 -2523.188597
291.00 -2925784.599243 -4785172.730111 3316933.857591 -1440.449812 -1227.586740 -2534.894251
292.00 -2927226.270283 -4786400.139669 3314393.109506 -1442.898062 -1227.241074 -2546.608787
293.00 -2928670.385185 -4787627.207641 3311840.638494 -1445.329017 -1226.892183 -2558.340438
294.00 -2930116.943983 -4788853.937649 3309276.384243 -1447.777184 -1226.552131 -2570.168292
295.00 -2931565.938647 -4790080.301920 3306700.277446 -1450.221012 -1226.180172 -2582.062859
296.00 -2933017.403685 -4791306.299537 3304112.235065 -1452.711181 -1225.806634 -2594.020139
297.00 -2934471.375497 -4792531.917948 3301512.232557 -1455.229224 -1225.427911 -2605.978590
298.00 -2935927.865254 -4793757.162408 3298900.284263 -1457.752000 -1225.068762 -2617.919370
299.00 -2937386.898919 -4794982.083836 3296276.366540 -1460.310304 -1224.770755 -2629.916358
300.00 -2938848.481866 -4796206.704109 3293640.432745 -1462.855849 -1224.470061 -2641.962063
301.00 -2940312.605255 -4797431.008997 3290992.435410 -1465.399182 -1224.144738 -2654.048444
302.00 -2941779.294330 -4798654.999111 3288332.312916 -1467.976564 -1223.826041 -2666.193396
303.00 -2943248.579836 -4799878.674184 3285660.025730 -1470.599282 -1223.525212 -2678.382510
304.00 -2944720.511523 -4801102.060640 3282975.532819 -1473.253791 -1223.237190 -2690.592222
305.00 -2946195.098695 -4802325.166059 3280278.818008 -1475.913641 -1222.974273 -2702.840842
306.00 -2947672.331898 -4803548.014309 3277569.835113 -1478.555799 -1222.727955 -2715.138822
307.00 -2949152.200113 -4804770.610842 3274848.528463 -1481.178364 -1222.461911 -2727.481141
308.00 -2950634.702631 -4805992.941436 3272114.848692 -1483.833517 -1222.201344 -2739.886377
309.00 -2952119.886973 -4807215.016975 3269368.743786 -1486.537873 -1221.944527 -2752.321202
310.00 -2953607.800459 -4808436.845868 3266610.190877 -1489.288053 -1221.708746 -2764.776272
311.00 -2955098.471501 -4809658.441473 3263839.184480 -1492.052981 -1221.483254 -2777.241898
312.00 -2956591.906265 -4810879.822021 3261055.685949 -1494.812863 -1221.277820 -2789.765126
313.00 -2958088.094340 -4812100.998399 3258259.626948 -1497.560219 -1221.074687 -2802.361586
314.00 -2959587.017230 -4813321.963164 3255450.955473 -1500.290103 -1220.859972 -2814.993351
315.00 -2961088.686967 -4814542.723455 3252629.625707 -1503.049090 -1220.654414 -2827.662076
316.00 -2962593.157498 -4815763.301398 3249795.594169 -1505.893155 -1220.496545 -2840.397178
317.00 -2964100.481414 -4816983.712387 3246948.826956 -1508.752961 -1220.321298 -2853.139195
318.00 -2965610.671482 -4818203.949836 3244089.294490 -1511.630794 -1220.157158 -2865.940774
319.00 -2967123.740238 -4819424.028311 3241216.927252 -1514.513177 -1220.013196 -2878.817402
320.00 -2968639.675256 -4820643.964153 3238331.662937 -1517.354373 -1219.857329 -2891.713471
321.00 -2970158.464832 -4821863.760384 3235433.477652 -1520.233977 -1219.741412 -2904.667565
322.00 -2971680.164019 -4823083.451886 3232522.306407 -1523.158960 -1219.629335 -2917.666874
323.00 -2973204.811578 -4824303.027005 3229598.117422 -1526.147749 -1219.526465 -2930.724956
324.00 -2974732.448104 -4825522.481800 3226660.864655 -1529.123664 -1219.380454 -2943.781720
325.00 -2976263.074158 -4826741.812180 3223710.516879 -1532.128245 -1219.284667 -2956.921704
326.00 -2977796.698260 -4827961.053002 3220747.011873 -1535.123456 -1219.200996 -2970.100636
327.00 -2979333.313207 -4829180.207189 3217770.310380 -1538.106924 -1219.105779 -2983.309386
328.00 -2980872.936302 -4830399.282385 3214780.356481 -1541.135853 -1219.035135 -2996.595142
329.00 -2982415.590499 -4831618.267574 3211777.107279 -1544.180209 -1218.936771 -3009.914172
330.00 -2983961.301068 -4832837.152723 3208760.517387 -1547.246690 -1218.837465 -3023.275731
331.00 -2985510.084195 -4834055.942918 3205730.551806 -1550.323709 -1218.750856 -3036.664178
332.00 -2987061.950541 -4835274.665990 3202687.180988 -1553.421058 -1218.711871 -3050.097443
333.00 -2988616.920377 -4836493.373056 3199630.345540 -1556.513767 -1218.701695 -3063.576974
334.00 -2990174.974387 -4837712.064058 3196560.010299 -1559.606089 -1218.688736 -3077.117588
335.00 -2991736.155330 -4838930.751284 3193476.071983 -1562.754144 -1218.674815 -3090.763304
336.00 -2993300.516470 -4840149.422849 3190378.439737 -1565.975917 -1218.669371 -3104.511163
337.00 -2994868.119412 -4841368.097814 3187267.033289 -1569.229385 -1218.678803 -3118.301291
338.00 -2996438.970371 -4842586.783608 3184141.836562 -1572.473509 -1218.697413 -3132.098440
339.00 -2998013.099651 -4843805.532260 3181002.791235 -1575.778840 -1218.796445 -3145.987963
340.00 -2999590.520007 -4845024.369460 3177849.860181 -1579.067694 -1218.882931 -3159.890754
341.00 -3001171.222651 -4846243.279773 3174683.000972 -1582.337722 -1218.932210 -3173.835500
342.00 -3002755.197521 -4847462.223684 3171502.173951 -1585.624006 -1218.958314 -3187.836434
343.00 -3004342.482286 -4848681.194083 3168307.312504 -1588.959056 -1218.991454 -3201.903760
344.00 -3005933.148104 -4849900.238474 3165098.329784 -1592.365697 -1219.095013 -3216.056130
345.00 -3007527.216191 -4851119.394406 3161875.190261 -1595.766745 -1219.215479 -3230.225565
346.00 -3009124.673300 -4852338.664654 3158637.871172 -1599.140263 -1219.319798 -3244.417261
347.00 -3010725.511927 -4853558.046838 3155386.314167 -1602.553131 -1219.452385 -3258.723897
348.00 -3012329.784597 -4854777.561513 3152120.408897 -1605.995408 -1219.573240 -3273.096342
349.00 -3013937.502870 -4855997.179101 3148840.123534 -1609.452584 -1219.663727 -3287.484114
350.00 -3015548.694236 -4857216.878811 3145545.442774 -1612.947737 -1219.752680 -3301.900195
351.00 -3017163.397777 -4858436.691952 3142236.317469 -1616.467831 -1219.889349 -3316.368588
352.00 -3018781.625520 -4859656.662274 3138912.690955 -1619.990988 -1220.060013 -3330.902471
353.00 -3020403.393518 -4860876.825995 3135574.467093 -1623.552170 -1220.271412 -3345.570697
354.00 -3022028.723759 -4862097.185744 3132221.535779 -1627.115245 -1220.450304 -3360.310329
355.00 -3023657.631820 -4863317.720449 3128853.837172 -1630.706342 -1220.615248 -3375.089651
356.00 -3025290.153113 -4864538.417417 3125471.344338 -1634.342724 -1220.780770 -3389.899370
357.00 -3026926.328736 -4865759.296799 3122074.021922 -1638.020186 -1220.990818 -3404.764015
358.00 -3028566.158422 -4866980.373567 3118661.843340 -1641.644519 -1221.169649 -3419.607820
359.00 -3030209.652387 -4868201.673396 3115234.739606 -1645.343169 -1221.429109 -3434.612893
360.00 -3031856.860232 -4869423.241016 3111792.576579 -1649.057985 -1221.687721 -3449.699400
361.00 -3033507.768391 -4870645.035304 3108335.331841 -1652.770085 -1221.907555 -3464.811457
362.00 -3035162.415667 -4871867.065466 3104862.924795 -1656.532390 -1222.157517 -3480.013267
363.00 -3036820.825841 -4873089.342986 3101375.311930 -1660.304123 -1222.410971 -3495.232409
364.00 -3038483.037509 -4874311.899284 3097872.439494 -1664.119567 -1222.705829 -3510.520335
365.00 -3040149.065837 -4875534.752913 3094354.248331 -1667.932027 -1222.998966 -3525.870886
366.00 -3041818.918185 -4876757.912771 3090820.646161 -1671.771861 -1223.322651 -3541.350737
367.00 -3043492.619164 -4877981.401779 3087271.513990 -1675.638042 -1223.655836 -3556.925858
368.00 -3045170.195973 -4879205.205869 3083706.803120 -1679.535177 -1223.956343 -3572.512420
369.00 -3046851.718655 -4880429.325209 3080126.461394 -1683.512462 -1224.282610 -3588.171424
370.00 -3048537.212489 -4881653.765549 3076530.470398 -1687.485382 -1224.611799 -3603.830914
371.00 -3050226.700219 -4882878.565551 3072918.765487 -1691.484814 -1224.987247 -3619.583311
372.00 -3051920.172337 -4884103.735450 3069291.288273 -1695.470898 -1225.362910 -3635.399526
373.00 -3053617.650327 -4885329.293260 3065647.938183 -1699.495998 -1225.756800 -3651.320639
374.00 -3055319.167194 -4886555.235653 3061988.625931 -1703.546443 -1226.126099 -3667.319102
375.00 -3057024.763014 -4887781.547339 3058313.268301 -1707.643196 -1226.490263 -3683.393928
376.00 -3058734.484685 -4889008.241770 3054621.797418 -1711.810006 -1226.907418 -3699.558344
377.00 -3060448.366957 -4890235.363322 3050914.169417 -1715.976331 -1227.365523 -3715.737102
378.00 -3062166.429374 -4891462.968650 3047190.315450 -1720.152032 -1227.848802 -3731.987958
379.00 -3063888.665168 -4892691.047067 3043450.171495 -1724.321241 -1228.298696 -3748.316562
380.00 -3065615.106556 -4893919.575398 3039693.613183 -1728.573765 -1228.760358 -3764.825782
381.00 -3067345.826893 -4895148.559831 3035920.491215 -1732.861000 -1229.189678 -3781.406421
382.00 -3069080.857627 -4896377.969442 3032130.767125 -1737.211540 -1229.638982 -3798.059583
383.00 -3070820.258152 -4897607.862325 3028324.356515 -1741.577756 -1230.145048 -3814.748261
384.00 -3072564.027237 -4898838.293138 3024501.241044 -1745.957526 -1230.723002 -3831.489855
385.00 -3074312.155748 -4900069.301357 3020661.374762 -1750.291559 -1231.283976 -3848.245059
386.00 -3076064.650761 -4901300.877733 3016804.680142 -1754.700528 -1231.858567 -3865.153148
387.00 -3077821.567922 -4902533.001731 3012931.040588 -1759.145406 -1232.387088 -3882.145326
388.00 -3079582.950492 -4903765.644479 3009040.362233 -1763.644271 -1232.917619 -3899.247731
389.00 -3081348.864359 -4904998.838406 3005132.534117 -1768.184726 -1233.470975 -3916.409136
390.00 -3083119.334347 -4906232.606114 3001207.519920 -1772.759901 -1234.074535 -3933.629882
391.00 -3084894.391299 -4907467.007713 2997265.249075 -1777.352805 -1234.731394 -3950.923658
392.00 -3086674.034405 -4908702.067845 2993305.651793 -1781.946774 -1235.398740 -3968.302927
393.00 -3088458.298859 -4909937.805286 2989328.602019 -1786.586295 -1236.071447 -3985.809452
394.00 -3090247.239417 -4911174.214174 2985333.986052 -1791.291115 -1236.732203 -4003.417313
395.00 -3092040.909584 -4912411.276737 2981321.732240 -1796.058717 -1237.395639 -4021.099999
396.00 -3093839.356006 -4913649.003877 2977291.786958 -1800.833009 -1238.065000 -4038.794551
397.00 -3095642.584631 -4914887.435246 2973244.103393 -1805.621434 -1238.806576 -4056.589701
398.00 -3097450.598207 -4916126.626894 2969178.566395 -1810.416508 -1239.583092 -4074.520106
399.00 -3099263.437827 -4917366.600835 2965095.027263 -1815.258585 -1240.345168 -4092.552940
400.00 -3101081.163061 -4918607.326805 2960993.400389 -1820.207216 -1241.106870 -4110.716036
401.00 -3102903.886324 -4919848.823037 2956873.560177 -1825.239539 -1241.883840 -4128.963629
402.00 -3104731.656680 -4921091.116481 2952735.438725 -1830.287820 -1242.701740 -4147.271624
403.00 -3106564.465631 -4922334.251437 2948578.966061 -1835.307674 -1243.555966 -4165.663200
404.00 -3108402.303893 -4923578.252779 2944404.017846 -1840.370396 -1244.440300 -4184.256756
405.00 -3110245.213980 -4924823.121263 2940210.402998 -1845.441429 -1245.280339 -4202.969180
406.00 -3112093.217217 -4926068.821249 2935998.025482 -1850.586735 -1246.124346 -4221.811618
407.00 -3113946.405998 -4927315.367494 2931766.776082 -1855.800371 -1246.968710 -4240.684313
408.00 -3115804.834724 -4928562.762127 2927516.658527 -1861.082881 -1247.846744 -4259.588276
409.00 -3117668.570381 -4929811.075497 2923247.579241 -1866.376555 -1248.780132 -4278.578341
410.00 -3119537.580690 -4931060.333342 2918959.446327 -1871.629086 -1249.731668 -4297.701505
411.00 -3121411.833612 -4932310.539182 2914652.127167 -1876.886967 -1250.678181 -4316.963530
412.00 -3123291.363253 -4933561.669741 2910325.498137 -1882.197413 -1251.587024 -4336.325157
413.00 -3125176.254278 -4934813.712880 2905979.449066 -1887.591366 -1252.496660 -4355.771153
414.00 -3127066.590233 -4936066.695540 2901613.910816 -1893.086065 -1253.475263 -4375.308022
415.00 -3128962.459169 -4937320.704426 2897228.773419 -1898.641108 -1254.539869 -4394.969225
416.00 -3130863.864399 -4938575.776922 2892823.939327 -1904.160120 -1255.596295 -4414.711358
417.00 -3132770.788018 -4939831.891046 2888399.283251 -1909.679330 -1256.615214 -4434.606875
418.00 -3134683.230527 -4941088.993723 2883954.683409 -1915.211114 -1257.580489 -4454.605215
419.00 -3136601.254758 -4942347.065170 2879490.019921 -1920.859876 -1258.572921 -4474.751112
420.00 -3138524.957310 -4943606.132239 2875005.188687 -1926.547607 -1259.564933 -4494.914778
421.00 -3140454.369426 -4944866.223831 2870500.158250 -1932.290719 -1260.639982 -4515.176947
422.00 -3142389.555672 -4946127.440595 2865974.782600 -1938.083738 -1261.800126 -4535.600052
423.00 -3144330.528697 -4947389.806782 2861428.918763 -1943.868696 -1262.930335 -4556.162807
424.00 -3146277.282436 -4948653.265627 2856862.445835 -1949.667858 -1264.000022 -4576.844716
425.00 -3148229.881773 -4949917.795851 2852275.202411 -1955.539826 -1265.059004 -4597.651742
426.00 -3150188.417996 -4951183.417660 2847667.078761 -1961.545574 -1266.198024 -4618.613498
427.00 -3152152.966391 -4952450.193528 2843037.983279 -1967.524821 -1267.336771 -4639.540606
428.00 -3154123.480597 -4953718.105614 2838387.955460 -1973.518812 -1268.499395 -4660.558524
429.00 -3156099.997356 -4954987.181109 2833716.838048 -1979.493170 -1269.626971 -4681.667588
430.00 -3158082.517824 -4956257.380307 2829024.491029 -1985.544964 -1270.760623 -4703.039226
431.00 -3160071.100120 -4957528.695797 2824310.722669 -1991.609950 -1271.857832 -4724.477248
432.00 -3162065.767650 -4958801.131558 2819575.493420 -1997.754247 -1273.042331 -4746.027526
433.00 -3164066.621812 -4960074.795609 2814818.646488 -2003.952700 -1274.280656 -4767.665711
434.00 -3166073.702433 -4961349.696193 2810040.116252 -2010.223845 -1275.525168 -4789.423091
435.00 -3168087.075792 -4962625.827564 2805239.759145 -2016.523454 -1276.722798 -4811.307620
436.00 -3170106.773142 -4963903.144428 2800417.420278 -2022.892178 -1277.926718 -4833.428376
437.00 -3172132.837554 -4965181.671886 2795572.902160 -2029.248651 -1279.152460 -4855.646084
438.00 -3174165.295937 -4966461.493507 2790706.054135 -2035.667308 -1280.489903 -4878.049718
439.00 -3176204.185800 -4967742.652288 2785816.786842 -2042.137927 -1281.838704 -4900.517368
440.00 -3178249.599185 -4969025.174781 2780904.986405 -2048.678691 -1283.184933 -4923.072486
441.00 -3180301.599367 -4970309.041168 2775970.524831 -2055.310027 -1284.527150 -4945.847783
442.00 -3182360.242986 -4971594.216460 2771013.213146 -2062.004349 -1285.829958 -4968.828017
443.00 -3184425.607941 -4972880.685615 2766032.853849 -2068.765366 -1287.140999 -4991.962583
444.00 -3186497.743877 -4974168.497856 2761029.316177 -2075.516896 -1288.507379 -5015.143268
445.00 -3188576.641404 -4975457.730707 2756002.536839 -2082.274975 -1289.967230 -5038.416351
446.00 -3190662.289989 -4976748.437253 2750952.484201 -2089.035856 -1291.453304 -5061.716461
447.00 -3192754.738453 -4978040.625245 2745879.055939 -2095.877949 -1292.911967 -5085.176145
448.00 -3194854.078221 -4979334.235543 2740782.044277 -2102.826089 -1294.306824 -5108.910776
449.00 -3196960.402606 -4980629.212749 2735661.187077 -2109.837089 -1295.652031 -5132.844403
450.00 -3199073.766795 -4981925.555887 2730516.308658 -2116.885767 -1297.035659 -5156.914085
451.00 -3201194.197092 -4983223.329875 2725347.306821 -2123.984404 -1298.535914 -5181.118956
452.00 -3203321.740643 -4984522.659560 2720154.054474 -2131.110763 -1300.133393 -5205.397740
453.00 -3205456.454676 -4985823.610178 2714936.449925 -2138.352735 -1301.780672 -5229.882265
454.00 -3207598.489489 -4987126.212948 2709694.206111 -2145.718819 -1303.409074 -5254.619172
455.00 -3209747.916143 -4988430.419621 2704427.130513 -2153.111884 -1304.981180 -5279.518555
456.00 -3211904.675897 -4989736.142423 2699135.185125 -2160.368926 -1306.439614 -5304.326172
457.00 -3214068.617071 -4991043.299998 2693818.498722 -2167.525137 -1307.898569 -5329.080893
458.00 -3216239.754144 -4992351.975343 2688476.959334 -2174.761426 -1309.464100 -5354.008305
459.00 -3218418.223371 -4993662.278073 2683110.361410 -2182.175678 -1311.125896 -5379.173479
460.00 -3220604.160228 -4994974.232578 2677718.525721 -2189.686569 -1312.751186 -5404.483813
461.00 -3222797.639791 -4996287.762929 2672301.303740 -2197.282519 -1314.302735 -5429.992837
462.00 -3224998.724424 -4997602.829723 2666858.475655 -2204.896136 -1315.842207 -5455.715543
463.00 -3227207.430912 -4998919.470533 2661389.813143 -2212.495981 -1317.437956 -5481.597651
464.00 -3229423.728351 -5000237.733297 2655895.234117 -2220.124977 -1319.107265 -5507.600650
465.00 -3231647.752748 -5001557.711343 2650374.530137 -2227.939600 -1320.844293 -5533.809195
466.00 -3233879.649910 -5002879.413406 2644827.559955 -2235.857378 -1322.549202 -5560.143313
467.00 -3236119.510160 -5004202.830197 2639254.100686 -2243.848013 -1324.269823 -5586.795577
468.00 -3238367.313334 -5005527.945244 2633653.899637 -2251.770780 -1325.979899 -5613.682064
469.00 -3240623.053930 -5006854.805688 2628026.674503 -2259.720779 -1327.751627 -5640.798577
470.00 -3242886.783710 -5008183.475921 2622372.259666 -2267.766876 -1329.607872 -5668.068387
471.00 -3245158.661015 -5009514.040428 2616690.473617 -2276.013494 -1331.514137 -5695.518991
472.00 -3247438.857807 -5010846.500411 2610981.156411 -2284.399870 -1333.405694 -5723.158485
473.00 -3249727.462676 -5012180.822375 2605244.111854 -2292.819454 -1335.241706 -5750.998240
474.00 -3252024.505370 -5013517.001272 2599479.039167 -2301.271982 -1337.138261 -5779.214324
475.00 -3254329.974655 -5014855.111761 2593685.646671 -2309.688967 -1339.107173 -5807.644697
476.00 -3256643.893944 -5016195.209376 2587863.721535 -2318.173711 -1341.098906 -5836.239437
477.00 -3258966.387976 -5017537.339013 2582013.105274 -2326.814665 -1343.147577 -5864.956134
478.00 -3261297.617401 -5018881.544369 2576133.682354 -2335.642059 -1345.249021 -5893.872450
479.00 -3263637.617405 -5020227.775098 2570225.461830 -2344.317778 -1347.173088 -5922.514696
480.00 -3265986.190920 -5021575.829966 2564288.703794 -2352.831135 -1348.933755 -5951.036463
481.00 -3268343.266938 -5022925.645823 2558323.357684 -2361.327453 -1350.712608 -5979.691158
482.00 -3270708.865443 -5024277.283610 2552329.272216 -2369.903411 -1352.587521 -6008.524945
483.00 -3273083.124917 -5025630.849230 2546306.223476 -2378.635208 -1354.550786 -6037.601605
484.00 -3275466.178112 -5026986.379336 2540253.962405 -2387.483675 -1356.489298 -6066.973888
485.00 -3277858.093217 -5028343.772215 2534172.196997 -2396.351361 -1358.269148 -6096.607269
486.00 -3280258.913680 -5029702.893422 2528060.577773 -2405.292517 -1359.963339 -6126.674813
487.00 -3282668.715234 -5031063.726405 2521918.739621 -2414.312648 -1361.712350 -6157.018258
488.00 -3285087.552643 -5032426.347800 2515746.563752 -2423.408294 -1363.580876 -6187.387672
489.00 -3287515.617091 -5033790.977975 2509543.887564 -2432.754694 -1365.718657 -6217.988283
490.00 -3289953.091612 -5035157.810905 2503310.579118 -2442.231836 -1367.965025 -6248.701070
491.00 -3292400.126226 -5036526.914118 2497046.393585 -2451.845856 -1370.224890 -6279.699014
492.00 -3294856.803096 -5037898.241176 2490751.106120 -2461.526985 -1372.435485 -6310.938412
493.00 -3297323.210959 -5039271.800269 2484424.427695 -2471.307300 -1374.707133 -6342.459498
494.00 -3299799.442209 -5040647.697686 2478066.138579 -2481.174768 -1377.116597 -6374.146562
495.00 -3302285.635678 -5042026.077354 2471676.022558 -2491.256798 -1379.659602 -6406.142410
496.00 -3304782.040104 -5043407.042499 2465253.760703 -2501.595182 -1382.286199 -6438.438925
497.00 -3307288.858386 -5044790.621654 2458799.121829 -2512.094806 -1384.885608 -6470.927724
498.00 -3309806.305435 -5046176.850247 2452311.752712 -2522.818031 -1387.581612 -6503.866448
499.00 -3312334.472377 -5047565.814653 2445791.320490 -2533.527400 -1390.390383 -6537.087308
500.00 -3314873.336413 -5048957.689086 2439237.491452 -2544.192502 -1393.381530 -6570.592743
501.00 -3317422.930683 -5050352.660073 2432649.968690 -2555.014622 -1396.562771 -6604.467576
502.00 -3319983.494050 -5051750.846628 2426028.394648 -2566.130601 -1399.784263 -6638.669417
503.00 -3322555.287115 -5053152.206307 2419372.544635 -2577.501272 -1402.933234 -6673.085907
504.00 -3325138.569377 -5054556.736347 2412682.083844 -2589.058074 -1406.122629 -6707.846671
505.00 -3327733.420599 -5055964.491996 2405956.709513 -2600.631999 -1409.396567 -6742.956792
506.00 -3330339.876645 -5057375.603314 2399195.965858 -2612.285967 -1412.833232 -6778.564586
507.00 -3332958.052234 -5058790.194867 2392399.480983 -2624.105045 -1416.366305 -6814.447166
508.00 -3335588.214523 -5060208.367477 2385566.929258 -2636.245794 -1419.962960 -6850.657814
509.00 -3338230.660439 -5061630.153182 2378698.001112 -2648.678277 -1423.619663 -6887.262708
510.00 -3340885.559416 -5063055.619319 2371792.332572 -2661.145701 -1427.340477 -6924.177047
511.00 -3343552.813308 -5064484.776891 2364849.769627 -2673.326806 -1430.972060 -6960.949707
512.00 -3346232.227879 -5065917.580536 2357870.347022 -2685.501818 -1434.624035 -6997.867973
513.00 -3348923.966245 -5067354.091419 2350853.882794 -2698.019832 -1438.416652 -7035.072075
514.00 -3351628.349443 -5068794.414588 2343800.184766 -2710.793111 -1442.244525 -7072.375945
515.00 -3354345.620252 -5070238.593484 2336708.984892 -2723.748537 -1446.112648 -7110.078960
516.00 -3357075.596713 -5071686.493739 2329580.385280 -2735.821824 -1449.443548 -7146.433777
517.00 -3359816.645919 -5073137.065976 2322417.232045 -2746.193446 -1451.624807 -7179.727818
518.00 -3362568.071242 -5074589.706108 2315220.831406 -2756.692449 -1453.618656 -7213.043976
519.00 -3365330.208793 -5076044.311336 2307991.024200 -2767.634175 -1455.582155 -7246.552228
520.00 -3368103.426832 -5077500.895180 2300727.736187 -2778.851142 -1457.637293 -7280.086225
521.00 -3370882.728906 -5078956.409201 2293440.670083 -2777.538421 -1452.008257 -7289.790440
522.00 -3373657.981763 -5080404.585691 2286149.168703 -2772.957705 -1444.339209 -7293.192510
523.00 -3376428.629879 -5081845.077689 2278854.302690 -2768.337220 -1436.644456 -7296.537044
524.00 -3379194.650887 -5083277.871650 2271556.104731 -2763.704540 -1428.943664 -7299.858090
525.00 -3381956.034286 -5084702.962437 2264254.595245 -2759.061430 -1421.237882 -7303.159386
526.00 -3384712.767616 -5086120.343816 2256949.796860 -2754.404535 -1413.524782 -7306.435943
527.00 -3387464.840977 -5087530.011507 2249641.726479 -2749.741552 -1405.810173 -7309.702146
528.00 -3390212.252794 -5088931.966993 2242330.399300 -2745.080990 -1398.100420 -7312.950121
529.00 -3392955.000951 -5090326.211436 2235015.830321 -2740.413923 -1390.387139 -7316.186329
530.00 -3395693.075535 -5091712.737567 2227698.027592 -2735.734509 -1382.664902 -7319.417284
531.00 -3398426.469083 -5093091.541692 2220377.000169 -2731.050743 -1374.942716 -7322.636570
532.00 -3401155.175706 -5094462.622028 2213052.757959 -2726.361574 -1367.217761 -7325.846116
533.00 -3403879.190041 -5095825.977315 2205725.311353 -2721.666100 -1359.492770 -7329.045301
534.00 -3406598.506361 -5097181.606468 2198394.670661 -2716.965670 -1351.765339 -7332.234314
535.00 -3409313.119782 -5098529.507506 2191060.846259 -2712.260185 -1344.036619 -7335.412721
536.00 -3412023.025134 -5099869.679223 2183723.848755 -2707.549652 -1336.306623 -7338.580518
537.00 -3414728.217491 -5101202.120272 2176383.688762 -2702.834077 -1328.575363 -7341.737699
538.00 -3417428.691697 -5102526.829474 2169040.376898 -2698.113468 -1320.842851 -7344.884259
539.00 -3420124.445411 -5103843.807236 2161693.919636 -2693.391615 -1313.111647 -7348.026296
540.00 -3422815.472130 -5105153.051486 2154344.329801 -2688.660958 -1305.376668 -7351.151601
541.00 -3425501.765742 -5106454.560110 2146991.619978 -2683.925287 -1297.640475 -7354.266272
542.00 -3428183.321120 -5107748.331978 2139635.800804 -2679.184608 -1289.903080 -7357.370303
543.00 -3430860.133377 -5109034.365816 2132276.882920 -2674.438929 -1282.164494 -7360.463690
544.00 -3433532.197400 -5110312.660517 2124914.876974 -2669.688257 -1274.424731 -7363.546428
545.00 -3436199.508316 -5111583.214831 2117549.793616 -2664.932599 -1266.683801 -7366.618512
546.00 -3438862.061024 -5112846.027678 2110181.643503 -2660.171961 -1258.941719 -7369.679937
547.00 -3441519.850666 -5114101.097830 2102810.437296 -2655.406351 -1251.198495 -7372.730700
548.00 -3444172.872156 -5115348.424233 2095436.185659 -2650.635775 -1243.454142 -7375.770794
549.00 -3446821.120649 -5116588.005685 2088058.899264 -2645.860240 -1235.708673 -7378.800217
550.00 -3449464.591071 -5117819.841154 2080678.588785 -2641.079754 -1227.962099 -7381.818962
551.00 -3452103.278594 -5119043.929462 2073295.264901 -2636.294323 -1220.214434 -7384.827025
552.00 -3454737.178157 -5120260.269603 2065908.938296 -2631.503954 -1212.465688 -7387.824403
553.00 -3457366.284945 -5121468.860425 2058519.619659 -2626.708655 -1204.715876 -7390.811089
554.00 -3459990.593971 -5122669.700905 2051127.319683 -2621.908432 -1196.965007 -7393.787080
555.00 -3462610.100256 -5123862.790034 2043732.049065 -2617.103292 -1189.213096 -7396.752371
556.00 -3465224.801514 -5125048.128306 2036333.814102 -2612.296987 -1181.462558 -7399.713533
557.00 -3467834.691448 -5126225.713959 2028932.627738 -2607.482036 -1173.708597 -7402.657411
558.00 -3470439.764040 -5127395.545107 2021528.502852 -2602.662189 -1165.953630 -7405.590575
559.00 -3473040.014282 -5128557.620830 2014121.450161 -2597.837453 -1158.197670 -7408.513021
560.00 -3475635.437405 -5129711.940061 2006711.480384 -2593.007836 -1150.440728 -7411.424745
561.00 -3478226.028415 -5130858.501904 1999298.604247 -2588.173344 -1142.682817 -7414.325742
562.00 -3480811.782558 -5131997.305317 1991882.832478 -2583.333986 -1134.923948 -7417.216007
563.00 -3483392.694852 -5133128.349428 1984464.175811 -2578.489767 -1127.164136 -7420.095537
564.00 -3485968.760560 -5134251.633219 1977042.644984 -2573.640695 -1119.403390 -7422.964327
565.00 -3488539.974713 -5135367.155843 1969618.250738 -2568.786777 -1111.641725 -7425.822373
566.00 -3491106.332586 -5136474.916308 1962191.003821 -2563.928020 -1103.879152 -7428.669669
567.00 -3493667.829227 -5137574.913791 1954760.914984 -2559.064431 -1096.115684 -7431.506213
568.00 -3496224.459926 -5138667.147322 1947327.994982 -2554.196018 -1088.351332 -7434.331999
569.00 -3498776.219744 -5139751.616105 1939892.254574 -2549.322787 -1080.586109 -7437.147023
570.00 -3501323.103984 -5140828.319195 1932453.704524 -2544.444746 -1072.820028 -7439.951281
571.00 -3503865.107721 -5141897.255820 1925012.355601 -2539.561902 -1065.053100 -7442.744769
572.00 -3506402.226275 -5142958.425059 1917568.218576 -2534.674262 -1057.285339 -7445.527483
573.00 -3508934.457016 -5144011.827548 1910121.299841 -2529.785186 -1049.518789 -7448.305867
574.00 -3511461.794068 -5145057.461657 1902671.612499 -2524.887976 -1041.749395 -7451.067019
575.00 -3513984.231463 -5146095.326014 1895219.169399 -2519.985992 -1033.979205 -7453.817384
576.00 -3516501.764549 -5147125.419746 1887763.981329 -2515.079240 -1026.208230 -7456.556957
577.00 -3519014.388444 -5148147.742157 1880306.059084 -2510.167729 -1018.436482 -7459.285734
578.00 -3521522.098509 -5149162.292398 1872845.413461 -2505.251465 -1010.663974 -7462.003712
579.00 -3524024.889878 -5150169.069796 1865382.055262 -2500.330455 -1002.890718 -7464.710886
580.00 -3526522.757927 -5151168.073529 1857915.995292 -2495.404708 -995.116726 -7467.407252
581.00 -3529015.697804 -5152159.302948 1850447.244362 -2490.474229 -987.342011 -7470.092806
582.00 -3531503.703957 -5153142.757300 1842975.812834 -2485.537612 -979.566653 -7472.768223
583.00 -3533986.772016 -5154118.435939 1835501.711751 -2480.597694 -971.790528 -7475.432141
584.00 -3536464.897861 -5155086.338068 1828024.952161 -2475.653066 -964.013717 -7478.085234
585.00 -3538938.076668 -5156046.463089 1820545.544892 -2470.703737 -956.236232 -7480.727499
586.00 -3541406.303857 -5156998.810252 1813063.500773 -2465.749713 -948.458085 -7483.358933
587.00 -3543869.574618 -5157943.378983 1805578.830639 -2460.791002 -940.679288 -7485.979529
588.00 -3546327.884388 -5158880.168557 1798091.545328 -2455.827612 -932.899854 -7488.589286
589.00 -3548781.228370 -5159809.178424 1790601.655682 -2450.859548 -925.119796 -7491.188199
590.00 -3551229.602016 -5160730.407884 1783109.172547 -2445.886820 -917.339124 -7493.776263
591.00 -3553673.000545 -5161643.856412 1775614.106773 -2440.909434 -909.557852 -7496.353476
592.00 -3556111.418298 -5162549.523361 1768116.468690 -2435.926143 -901.776023 -7498.920417
593.00 -3558544.851561 -5163447.408164 1760616.269619 -2430.939464 -893.993588 -7501.475914
594.00 -3560973.295767 -5164337.510289 1753113.520483 -2425.948149 -886.210589 -7504.020547
595.00 -3563396.746402 -5165219.829098 1745608.232147 -2420.952205 -878.427039 -7506.554313
596.00 -3565815.198724 -5166094.364128 1738100.415481 -2415.951641 -870.642951 -7509.077207
597.00 -3568228.648234 -5166961.114764 1730590.081357 -2410.946464 -862.858335 -7511.589227
598.00 -3570637.090203 -5167820.080567 1723077.240654 -2405.936680 -855.073206 -7514.090367
599.00 -3573040.520149 -5168671.260948 1715561.904251 -2400.922298 -847.287574 -7516.580625
600.00 -3575438.933357 -5169514.655492 1708044.083033 -2395.903325 -839.501453 -7519.059996
601.00 -3577832.325358 -5170350.263635 1700523.787889 -2390.879768 -831.714855 -7521.528477
602.00 -3580220.691454 -5171178.084987 1693001.029711 -2385.851635 -823.927792 -7523.986064
603.00 -3582604.027192 -5171998.119007 1685475.819394 -2380.818933 -816.140275 -7526.432753
604.00 -3584982.327887 -5172810.365331 1677948.167839 -2375.781670 -808.352319 -7528.868541
605.00 -3587355.589101 -5173614.823442 1670418.085947 -2370.739853 -800.563935 -7531.293424
606.00 -3589723.806165 -5174411.493001 1662885.584626 -2365.693490 -792.775134 -7533.707399
607.00 -3592086.974729 -5175200.372708 1655350.674642 -2360.642711 -784.984574 -7536.110704
608.00 -3594445.090114 -5175981.462507 1647813.366955 -2355.587277 -777.194979 -7538.502851
609.00 -3596798.147863 -5176754.762479 1640273.672581 -2350.527320 -769.405005 -7540.884077
610.00 -3599146.143336 -5177520.272334 1632731.602441 -2345.462847 -761.614664 -7543.254381
611.00 -3601489.072140 -5178277.991629 1625187.167461 -2340.393864 -753.823970 -7545.613758
612.00 -3603826.929651 -5179027.920098 1617640.378568 -2335.320381 -746.032933 -7547.962205
613.00 -3606159.711491 -5179770.057324 1610091.246695 -2330.242404 -738.241566 -7550.299718
614.00 -3608487.413051 -5180504.403065 1602539.782778 -2325.159941 -730.449883 -7552.626294
615.00 -3610810.029967 -5181230.956927 1594985.997754 -2320.072999 -722.657894 -7554.941929
616.00 -3613127.557646 -5181949.718694 1587429.902568 -2314.981587 -714.865612 -7557.246620
617.00 -3615439.991741 -5182660.687997 1579871.508163 -2309.885711 -707.073050 -7559.540363
618.00 -3617747.327671 -5183363.864644 1572310.825491 -2304.785380 -699.280220 -7561.823155
619.00 -3620049.561105 -5184059.248290 1564747.865504 -2299.680601 -691.487134 -7564.094993
620.00 -3622346.687479 -5184746.838769 1557182.639158 -2294.571381 -683.693804 -7566.355873
621.00 -3624638.702476 -5185426.635760 1549615.157412 -2289.457728 -675.900243 -7568.605791
622.00 -3626925.601547 -5186098.639121 1542045.431230 -2284.339650 -668.106463 -7570.844745
623.00 -3629207.380391 -5186762.848556 1534473.471579 -2279.217155 -660.312476 -7573.072730
624.00 -3631484.034474 -5187419.263948 1526899.289427 -2274.090249 -652.518295 -7575.289745
625.00 -3633755.559509 -5188067.885025 1519322.895747 -2268.958942 -644.723932 -7577.495784
626.00 -3636021.950979 -5188708.711694 1511744.301517 -2263.823239 -636.929399 -7579.690846
627.00 -3638283.204613 -5189341.743710 1504163.517716 -2258.683150 -629.134709 -7581.874926
628.00 -3640539.315908 -5189966.981002 1496580.555326 -2253.538682 -621.339873 -7584.048022
629.00 -3642790.280608 -5190584.423350 1488995.425335 -2248.389843 -613.544905 -7586.210130
630.00 -3645036.094225 -5191194.070710 1481408.138730 -2243.236639 -605.749815 -7588.361247
631.00 -3647276.752521 -5191795.922884 1473818.706506 -2238.079079 -597.954618 -7590.501370
632.00 -3649512.251082 -5192389.979811 1466227.139657 -2232.917172 -590.159324 -7592.630495
633.00 -3651742.585504 -5192976.241443 1458633.449183 -2227.750923 -582.363947 -7594.748620
634.00 -3653967.751571 -5193554.707619 1451037.646086 -2222.580342 -574.568498 -7596.855741
635.00 -3656187.744833 -5194125.378358 1443439.741371 -2217.405435 -566.772990 -7598.951855
636.00 -3658402.561089 -5194688.253523 1435839.746046 -2212.226211 -558.977436 -7601.036959
637.00 -3660612.195906 -5195243.333156 1428237.671124 -2207.042678 -551.181846 -7603.111050
638.00 -3662816.645098 -5195790.617146 1420633.527619 -2201.854842 -543.386234 -7605.174125
639.00 -3665015.904246 -5196330.105560 1413027.326548 -2196.662713 -535.590613 -7607.226180
640.00 -3667209.969182 -5196861.798311 1405419.078932 -2191.466297 -527.794993 -7609.267213
641.00 -3669398.835502 -5197385.695490 1397808.795796 -2186.265603 -519.999388 -7611.297221
642.00 -3671582.499052 -5197901.797035 1390196.488166 -2181.060638 -512.203810 -7613.316201
643.00 -3673760.955445 -5198410.103062 1382582.167071 -2175.851411 -504.408271 -7615.324149
644.00 -3675934.200542 -5198910.613532 1374965.843545 -2170.637928 -496.612784 -7617.321063
645.00 -3678102.229973 -5199403.328588 1367347.528624 -2165.420198 -488.817360 -7619.306940
646.00 -3680265.039614 -5199888.248215 1359727.233346 -2160.198229 -481.022012 -7621.281776
647.00 -3682422.625109 -5200365.372579 1352104.968753 -2154.972029 -473.226752 -7623.245569
648.00 -3684574.982351 -5200834.701690 1344480.745889 -2149.741605 -465.431592 -7625.198317
649.00 -3686722.107000 -5201296.235740 1336854.575802 -2144.506965 -457.636546 -7627.140015
650.00 -3688863.994965 -5201749.974761 1329226.469543 -2139.268117 -449.841624 -7629.070661
651.00 -3691000.641922 -5202195.918972 1321596.438164 -2134.025069 -442.046840 -7630.990253
652.00 -3693132.043825 -5202634.068020 1313964.492683 -2128.777921 -434.251018 -7632.898901
653.00 -3695258.196396 -5203064.421777 1306330.644124 -2123.526496 -426.456545 -7634.796375
654.00 -3697379.095514 -5203486.981106 1298694.903622 -2118.270896 -418.662246 -7636.682786
655.00 -3699494.736886 -5203901.746270 1291057.282241 -2113.011127 -410.868134 -7638.558131
656.00 -3701605.116469 -5204308.717378 1283417.791050 -2107.747198 -403.074220 -7640.422407
657.00 -3703710.229986 -5204707.894719 1275776.441118 -2102.479116 -395.280518 -7642.275612
658.00 -3705810.073407 -5205099.278425 1268133.243517 -2097.206890 -387.487038 -7644.117743
659.00 -3707904.642474 -5205482.868811 1260488.209324 -2091.930527 -379.693794 -7645.948797
660.00 -3709993.933173 -5205858.666034 1252841.349616 -2086.650036 -371.900798 -7647.768772
661.00 -3712077.941259 -5206226.670431 1245192.675475 -2081.365423 -364.108061 -7649.577664
662.00 -3714156.662736 -5206586.882184 1237542.197983 -2076.076698 -356.315597 -7651.375472
663.00 -3716230.093376 -5206939.301657 1229889.928228 -2070.783869 -348.523417 -7653.162192
664.00 -3718298.229196 -5207283.929055 1222235.877297 -2065.486943 -340.731534 -7654.937822
665.00 -3720361.065985 -5207620.764765 1214580.056282 -2060.185928 -332.939960 -7656.702359
666.00 -3722418.599778 -5207949.809019 1206922.476277 -2054.880832 -325.148707 -7658.455801
667.00 -3724470.826379 -5208271.062228 1199263.148379 -2049.571663 -317.357788 -7660.198145
668.00 -3726517.741838 -5208584.524647 1191602.083687 -2044.258430 -309.567214 -7661.929389
669.00 -3728559.341975 -5208890.196712 1183939.293302 -2038.941141 -301.776998 -7663.649530
670.00 -3730595.622857 -5209188.078704 1176274.788328 -2033.619802 -293.987153 -7665.358566
671.00 -3732626.580320 -5209478.171082 1168608.579873 -2028.294423 -286.197689 -7667.056493
672.00 -3734652.210447 -5209760.474151 1160940.679045 -2022.965012 -278.408621 -7668.743311
673.00 -3736672.509150 -5210034.988354 1153271.096956 -2017.631576 -270.619960 -7670.419015
674.00 -3738687.472348 -5210301.714147 1145599.844720 -2012.294124 -262.831717 -7672.083604
675.00 -3740697.096150 -5210560.651870 1137926.933454 -2006.952664 -255.043906 -7673.737076
676.00 -3742701.376430 -5210811.802045 1130252.374276 -2001.607203 -247.256539 -7675.379427
677.00 -3744700.309313 -5211055.165037 1122576.178308 -1996.257751 -239.469628 -7677.010656
678.00 -3746693.890691 -5211290.741393 1114898.356673 -1990.904314 -231.683184 -7678.630760
679.00 -3748682.116703 -5211518.531502 1107218.920497 -1985.546902 -223.897221 -7680.239737
680.00 -3750664.983259 -5211738.535936 1099537.880909 -1980.185521 -216.111751 -7681.837584
681.00 -3752642.486514 -5211950.755109 1091855.249039 -1974.820182 -208.326785 -7683.424300
682.00 -3754614.622393 -5212155.189616 1084171.036021 -1969.450890 -200.542336 -7684.999881
683.00 -3756581.387068 -5212351.839894 1076485.252989 -1964.077656 -192.758417 -7686.564326
684.00 -3758542.776480 -5212540.706566 1068797.911081 -1958.700486 -184.975039 -7688.117633
685.00 -3760498.786818 -5212721.790093 1061109.021437 -1953.319389 -177.192214 -7689.659798
686.00 -3762449.414040 -5212895.091120 1053418.595199 -1947.934374 -169.409955 -7691.190821
687.00 -3764394.654350 -5213060.610133 1045726.643510 -1942.545447 -161.628275 -7692.710698
688.00 -3766334.503722 -5213218.347803 1038033.177518 -1937.152619 -153.847185 -7694.219428
689.00 -3768268.958377 -5213368.304640 1030338.208372 -1931.755896 -146.066697 -7695.717008
690.00 -3770198.014305 -5213510.481338 1022641.747220 -1926.355286 -138.286824 -7697.203436
691.00 -3772121.667745 -5213644.878433 1014943.805218 -1920.950799 -130.507577 -7698.678710
692.00 -3774039.914702 -5213771.496643 1007244.393519 -1915.542443 -122.728970 -7700.142829
693.00 -3775952.751431 -5213890.336527 999543.523280 -1910.130225 -114.951014 -7701.595789
694.00 -3777860.173955 -5214001.398829 991841.205661 -1904.714153 -107.173722 -7703.037589
695.00 -3779762.178544 -5214104.684133 984137.451823 -1899.294237 -99.397105 -7704.468226
696.00 -3781658.761238 -5214200.193206 976432.272930 -1893.870484 -91.621177 -7705.887700
697.00 -3783549.918323 -5214287.926656 968725.680146 -1888.442903 -83.845948 -7707.296007
698.00 -3785435.645857 -5214367.885275 961017.684639 -1883.011501 -76.071431 -7708.693146
699.00 -3787315.940142 -5214440.069696 953308.297578 -1877.576287 -68.297639 -7710.079114
700.00 -3789190.797252 -5214504.480735 945597.530134 -1872.137270 -60.524584 -7711.453910
701.00 -3791060.213505 -5214561.119049 937885.393482 -1866.694457 -52.752277 -7712.817532
702.00 -3792924.184992 -5214609.985479 930171.898795 -1861.247858 -44.980731 -7714.169978
703.00 -3794782.708048 -5214651.080705 922457.057251 -1855.797479 -37.209958 -7715.511246
704.00 -3796635.778781 -5214684.405594 914740.880029 -1850.343330 -29.439971 -7716.841334
705.00 -3798483.393542 -5214709.960849 907023.378310 -1844.885419 -21.670781 -7718.160240
706.00 -3800325.548455 -5214727.747362 899304.563276 -1839.423754 -13.902401 -7719.467963
707.00 -3802162.239889 -5214737.765862 891584.446113 -1833.958343 -6.134843 -7720.764500
708.00 -3803993.463983 -5214740.017262 883863.038006 -1828.489195 1.631882 -7722.049849
709.00 -3805819.217124 -5214734.502316 876140.350144 -1823.016319 9.397760 -7723.324010
710.00 -3807639.495468 -5214721.221964 868416.393717 -1817.539722 17.162780 -7724.586979
711.00 -3809454.295418 -5214700.176983 860691.179917 -1812.059413 24.926929 -7725.838756
712.00 -3811263.613207 -5214671.368292 852964.719937 -1806.575400 32.690196 -7727.079338
713.00 -3813067.445074 -5214634.796824 845237.024972 -1801.087691 40.452569 -7728.308725
714.00 -3814865.787448 -5214590.463393 837508.106220 -1795.596296 48.214034 -7729.526913
715.00 -3816658.636528 -5214538.368999 829777.974879 -1790.101222 55.974580 -7730.733902
716.00 -3818445.988757 -5214478.514479 822046.642149 -1784.602478 63.734195 -7731.929690
717.00 -3820227.840351 -5214410.900858 814314.119234 -1779.100072 71.492867 -7733.114275
718.00 -3822004.187772 -5214335.528998 806580.417335 -1773.594013 79.250584 -7734.287655
719.00 -3823775.027250 -5214252.399949 798845.547659 -1768.084309 87.007332 -7735.449829
720.00 -3825540.355264 -5214161.514596 791109.521413 -1762.570968 94.763102 -7736.600795
721.00 -3827300.169390 -5214062.874077 783372.344890 -1757.055948 102.517784 -7737.747779
722.00 -3829054.465419 -5213956.479268 775634.031903 -1751.535360 110.271558 -7738.876325
723.00 -3830803.238993 -5213842.331236 767894.595977 -1746.011160 118.024315 -7739.993659
724.00 -3832546.486625 -5213720.430916 760154.048323 -1740.483357 125.776045 -7741.099779
725.00 -3834284.204597 -5213590.779429 752412.400157 -1734.951960 133.526734 -7742.194683
726.00 -3836016.389438 -5213453.377734 744669.662696 -1729.416977 141.276370 -7743.278371
727.00 -3837743.037446 -5213308.226979 736925.847156 -1723.878417 149.024943 -7744.350839
728.00 -3839464.145135 -5213155.329126 729180.964750 -1718.336246 156.771248 -7745.412096
729.00 -3841179.708847 -5212994.684573 721435.026705 -1712.790557 164.517655 -7746.462124
730.00 -3842889.725153 -5212826.294118 713688.044243 -1707.241316 172.262961 -7747.500929
731.00 -3844594.190385 -5212650.158957 705940.028588 -1701.688531 180.007154 -7748.528510
732.00 -3846293.101125 -5212466.280121 698190.990965 -1696.132212 187.750222 -7749.544865
733.00 -3847986.453721 -5212274.658827 690440.942600 -1690.572366 195.492153 -7750.549993
734.00 -3849674.244772 -5212075.296133 682689.894721 -1685.009002 203.232935 -7751.543893
735.00 -3851356.470643 -5211868.193280 674937.858557 -1679.442129 210.972555 -7752.526564
736.00 -3853033.127950 -5211653.351349 667184.845337 -1673.871755 218.711002 -7753.498003
737.00 -3854704.213077 -5211430.771606 659430.866294 -1668.297889 226.448264 -7754.458211
738.00 -3856369.722655 -5211200.455155 651675.932660 -1662.720540 234.184329 -7755.407185
739.00 -3858029.653085 -5210962.403287 643920.055669 -1657.139715 241.919183 -7756.344924
740.00 -3859684.001017 -5210716.617130 636163.246556 -1651.555424 249.652816 -7757.271428
741.00 -3861332.762868 -5210463.098001 628405.516559 -1645.967674 257.385216 -7758.186694
742.00 -3862975.935303 -5210201.847049 620646.876914 -1640.376476 265.116369 -7759.090722
743.00 -3864613.514759 -5209932.865616 612887.338862 -1634.781836 272.846265 -7759.983510
744.00 -3866245.497919 -5209656.154877 605126.913641 -1629.183765 280.574891 -7760.865058
745.00 -3867871.881235 -5209371.716196 597365.612493 -1623.582269 288.302235 -7761.735364
746.00 -3869492.661407 -5209079.550773 589603.446660 -1617.977359 296.028285 -7762.594427
747.00 -3871107.834905 -5208779.659996 581840.427387 -1612.369043 303.753030 -7763.442246
748.00 -3872717.398447 -5208472.045088 574076.565917 -1606.757328 311.476456 -7764.278820
749.00 -3874321.348519 -5208156.707463 566311.873496 -1601.142225 319.198552 -7765.104147
750.00 -3875919.681857 -5207833.648367 558546.361372 -1595.523741 326.919306 -7765.918227
751.00 -3877512.395024 -5207502.869194 550780.040791 -1589.901885 334.638705 -7766.721059
752.00 -3879099.484594 -5207164.371346 543012.923003 -1584.276666 342.356739 -7767.512642
753.00 -3880680.947326 -5206818.156109 535245.019257 -1578.648093 350.073395 -7768.292974
754.00 -3882256.779751 -5206464.224955 527476.340804 -1573.016173 357.788660 -7769.062055
755.00 -3883826.978648 -5206102.579191 519706.898897 -1567.380917 365.502523 -7769.819884
756.00 -3885391.540563 -5205733.220315 511936.704787 -1561.742332 373.214972 -7770.566460
757.00 -3886950.462292 -5205356.149657 504165.769728 -1556.100427 380.925995 -7771.301781
758.00 -3888503.740401 -5204971.368739 496394.104976 -1550.455211 388.635579 -7772.025848
759.00 -3890051.371701 -5204578.878916 488621.721785 -1544.806692 396.343714 -7772.738658
760.00 -3891593.352775 -5204178.681734 480848.631412 -1539.154880 404.050386 -7773.440212
761.00 -3893129.680454 -5203770.778570 473074.845114 -1533.499783 411.755584 -7774.130508
762.00 -3894660.351336 -5203355.170996 465300.374149 -1527.841409 419.459296 -7774.809546
763.00 -3896185.362271 -5202931.860413 457525.229775 -1522.179768 427.161509 -7775.477324
764.00 -3897704.709874 -5202500.848415 449749.423254 -1516.514868 434.862213 -7776.133842
765.00 -3899218.391011 -5202062.136429 441972.965844 -1510.846718 442.561394 -7776.779100
766.00 -3900726.402317 -5201615.726073 434195.868808 -1505.175326 450.259041 -7777.413096
767.00 -3902228.740673 -5201161.618796 426418.143407 -1499.500702 457.955143 -7778.035829
768.00 -3903725.402734 -5200699.816241 418639.800904 -1493.822854 465.649686 -7778.647299
769.00 -3905216.385397 -5200230.319882 410860.852563 -1488.141791 473.342659 -7779.247506
770.00 -3906701.685334 -5199753.131384 403081.309647 -1482.457521 481.034051 -7779.836448
771.00 -3908181.299462 -5199268.252247 395301.183422 -1476.770054 488.723848 -7780.414125
772.00 -3909655.224467 -5198775.684158 387520.485152 -1471.079398 496.412040 -7780.980536
773.00 -3911123.457286 -5198275.428640 379739.226104 -1465.385562 504.098614 -7781.535681
774.00 -3912585.994622 -5197767.487408 371957.417545 -1459.688555 511.783558 -7782.079559
775.00 -3914042.833429 -5197251.862006 364175.070742 -1453.988386 519.466861 -7782.612169
776.00 -3915493.970430 -5196728.554172 356392.196963 -1448.285062 527.148510 -7783.133511
777.00 -3916939.402593 -5196197.565476 348608.807476 -1442.578594 534.828493 -7783.643584
778.00 -3918379.126661 -5195658.897679 340824.913550 -1436.868991 542.506799 -7784.142388
779.00 -3919813.139620 -5195112.552374 333040.526455 -1431.156259 550.183416 -7784.629923
780.00 -3921241.438228 -5194558.531347 325255.657462 -1425.440410 557.858332 -7785.106186
781.00 -3922664.019490 -5193996.836215 317470.317840 -1419.721451 565.531535 -7785.571179
782.00 -3924080.880184 -5193427.468787 309684.518860 -1413.999392 573.203012 -7786.024901
783.00 -3925492.017330 -5192850.430704 301898.271795 -1408.274240 580.872753 -7786.467351
784.00 -3926897.427724 -5192265.723798 294111.587915 -1402.546006 588.540744 -7786.898529
785.00 -3928297.108406 -5191673.349736 286324.478494 -1396.814698 596.206975 -7787.318434
786.00 -3929691.056185 -5191073.310373 278536.954804 -1391.080324 603.871434 -7787.727067
787.00 -3931079.268123 -5190465.607397 270749.028118 -1385.342894 611.534108 -7788.124426
788.00 -3932461.741046 -5189850.242690 262960.709710 -1379.602417 619.194985 -7788.510511
789.00 -3933838.472031 -5189227.217963 255172.010854 -1373.858901 626.854055 -7788.885323
790.00 -3935209.457926 -5188596.535121 247382.942823 -1368.112356 634.511304 -7789.248860
791.00 -3936574.695823 -5187958.195900 239593.516893 -1362.362790 642.166721 -7789.601122
792.00 -3937934.182648 -5187312.202182 231803.744337 -1356.610212 649.820294 -7789.942110
793.00 -3939287.915333 -5186658.555863 224013.636432 -1350.854631 657.472012 -7790.271822
794.00 -3940635.890999 -5185997.258714 216223.204452 -1345.096056 665.121862 -7790.590259
795.00 -3941978.106537 -5185328.312699 208432.459673 -1339.334495 672.769833 -7790.897420
796.00 -3943314.559085 -5184651.719612 200641.413371 -1333.569959 680.415913 -7791.193305
797.00 -3944645.245553 -5183967.481441 192850.076821 -1327.802456 688.060090 -7791.477915
798.00 -3945970.163097 -5183275.600004 185058.461300 -1322.031994 695.702351 -7791.751248
799.00 -3947289.308644 -5182576.077314 177266.578084 -1316.258583 703.342686 -7792.013304
800.00 -3948602.679369 -5181868.915212 169474.438450 -1310.482231 710.981083 -7792.264085
801.00 -3949910.272216 -5181154.115732 161682.053674 -1304.702948 718.617529 -7792.503588
802.00 -3951212.084378 -5180431.680742 153889.435032 -1298.920742 726.252013 -7792.731815
803.00 -3952508.112817 -5179701.612298 146096.593803 -1293.135623 733.884523 -7792.948765
804.00 -3953798.354744 -5178963.912291 138303.541261 -1287.347600 741.515047 -7793.154438
805.00 -3955082.807139 -5178218.582803 130510.288686 -1281.556681 749.143574 -7793.348834
806.00 -3956361.467230 -5177465.625746 122716.847352 -1275.762875 756.770091 -7793.531953
807.00 -3957634.332017 -5176705.043227 114923.228538 -1269.966192 764.394588 -7793.703796
808.00 -3958901.398745 -5175936.837182 107129.443520 -1264.166640 772.017051 -7793.864361
809.00 -3960162.664432 -5175161.009740 99335.503575 -1258.364229 779.637470 -7794.013649
810.00 -3961418.126340 -5174377.562861 91541.419980 -1252.558967 787.255832 -7794.151661
811.00 -3962667.781506 -5173586.498699 83747.204012 -1246.750864 794.872126 -7794.278396
812.00 -3963911.627211 -5172787.819236 75952.866947 -1240.939928 802.486340 -7794.393854
813.00 -3965149.660509 -5171981.526650 68158.420063 -1235.126169 810.098462 -7794.498035
814.00 -3966381.878698 -5171167.622947 60363.874636 -1229.309595 817.708481 -7794.590940
815.00 -3967608.278851 -5170346.110328 52569.241943 -1223.490216 825.316384 -7794.672568
816.00 -3968828.858285 -5169516.990821 44774.533259 -1217.668041 832.922161 -7794.742920
817.00 -3970043.614090 -5168680.266653 36979.759860 -1211.843078 840.525798 -7794.801997
818.00 -3971252.543601 -5167835.939875 29184.933024 -1206.015337 848.127285 -7794.849797
819.00 -3972455.643927 -5166984.012736 21390.064025 -1200.184827 855.726611 -7794.886322
820.00 -3973652.912421 -5166124.487312 13595.164139 -1194.351556 863.323762 -7794.911571
821.00 -3974844.346210 -5165257.365874 5800.244641 -1188.515535 870.918727 -7794.925545
822.00 -3976029.942664 -5164382.650523 -1994.683194 -1182.676772 878.511495 -7794.928245
823.00 -3977209.698929 -5163500.343552 -9789.608090 -1176.835275 886.102055 -7794.919669
824.00 -3978383.612394 -5162610.447087 -17584.518774 -1170.991055 893.690393 -7794.899820
825.00 -3979551.680222 -5161712.963444 -25379.403971 -1165.144121 901.276499 -7794.868696
826.00 -3980713.899820 -5160807.894770 -33174.252408 -1159.294481 908.860361 -7794.826299
827.00 -3981870.268371 -5159895.243407 -40969.052811 -1153.442144 916.441967 -7794.772628
828.00 -3983020.783299 -5158975.011524 -48763.793907 -1147.587120 924.021306 -7794.707685
829.00 -3984165.441804 -5158047.201488 -56558.464423 -1141.729417 931.598365 -7794.631469
830.00 -3985304.241330 -5157111.815491 -64353.053088 -1135.869046 939.173134 -7794.543981
831.00 -3986437.179155 -5156168.855875 -72147.548628 -1130.006014 946.745600 -7794.445221
832.00 -3987564.252562 -5155218.324995 -79941.939773 -1124.140332 954.315752 -7794.335190
833.00 -3988685.459024 -5154260.225080 -87736.215251 -1118.272008 961.883578 -7794.213888
834.00 -3989800.795786 -5153294.558552 -95530.363793 -1112.401051 969.449067 -7794.081316
835.00 -3990910.260338 -5152321.327662 -103324.374127 -1106.527471 977.012206 -7793.937475
836.00 -3992013.849943 -5151340.534859 -111118.234986 -1100.651276 984.572985 -7793.782364
837.00 -3993111.562109 -5150352.182415 -118911.935099 -1094.772477 992.131392 -7793.615984
838.00 -3994203.394118 -5149356.272802 -126705.463198 -1088.891081 999.687415 -7793.438336
839.00 -3995289.343496 -5148352.808317 -134498.808015 -1083.007099 1007.241042 -7793.249421
840.00 -3996369.407543 -5147341.791454 -142291.958283 -1077.120539 1014.792262 -7793.049238
841.00 -3997443.583804 -5146323.224533 -150084.902736 -1071.231410 1022.341063 -7792.837789
842.00 -3998511.869597 -5145297.110071 -157877.630107 -1065.339723 1029.887433 -7792.615075
843.00 -3999574.262486 -5144263.450413 -165670.129131 -1059.445485 1037.431362 -7792.381095
844.00 -4000630.759807 -5143222.248098 -173462.388543 -1053.548706 1044.972837 -7792.135851
845.00 -4001681.359141 -5142173.505494 -181254.397078 -1047.649396 1052.511847 -7791.879343
846.00 -4002726.057845 -5141117.225162 -189046.143475 -1041.747563 1060.048380 -7791.611573
847.00 -4003764.853517 -5140053.409496 -196837.616470 -1035.843217 1067.582425 -7791.332540
848.00 -4004797.743531 -5138982.061078 -204628.804800 -1029.936367 1075.113970 -7791.042245
849.00 -4005824.725506 -5137903.182325 -212419.697206 -1024.027022 1082.643003 -7790.740689
850.00 -4006845.796834 -5136816.775845 -220210.282426 -1018.115192 1090.169514 -7790.427874
851.00 -4007860.955151 -5135722.844075 -228000.549201 -1012.200885 1097.693490 -7790.103799
852.00 -4008870.197868 -5134621.389647 -235790.486271 -1006.284111 1105.214920 -7789.768466
853.00 -4009873.522640 -5133512.415020 -243580.082380 -1000.364879 1112.733792 -7789.421875
854.00 -4010870.926897 -5132395.922851 -251369.326270 -994.443199 1120.250095 -7789.064028
855.00 -4011862.408311 -5131271.915622 -259158.206684 -988.519079 1127.763818 -7788.694924
856.00 -4012847.964331 -5130140.396012 -266946.712366 -982.592529 1135.274948 -7788.314566
857.00 -4013827.592649 -5129001.366527 -274734.832064 -976.663558 1142.783474 -7787.922953
858.00 -4014801.290730 -5127854.829868 -282522.554522 -970.732176 1150.289386 -7787.520088
859.00 -4015769.056285 -5126700.788564 -290309.868489 -964.798391 1157.792670 -7787.105970
860.00 -4016730.886800 -5125539.245339 -298096.762712 -958.862213 1165.293317 -7786.680601
861.00 -4017686.780003 -5124370.202746 -305883.225940 -952.923651 1172.791313 -7786.243981
862.00 -4018636.733398 -5123193.663531 -313669.246924 -946.982715 1180.286649 -7785.796113
863.00 -4019580.744731 -5122009.630271 -321454.814416 -941.039414 1187.779312 -7785.336996
864.00 -4020518.811526 -5120818.105735 -329239.917166 -935.093756 1195.269291 -7784.866631
865.00 -4021450.931548 -5119619.092521 -337024.543930 -929.145752 1202.756574 -7784.385021
866.00 -4022377.102338 -5118412.593422 -344808.683460 -923.195411 1210.241150 -7783.892165
867.00 -4023297.321680 -5117198.611060 -352592.324512 -917.242742 1217.723007 -7783.388065
868.00 -4024211.587135 -5115977.148250 -360375.455843 -911.287754 1225.202135 -7782.872723
869.00 -4025119.896505 -5114748.207636 -368158.066210 -905.330457 1232.678521 -7782.346138
870.00 -4026022.247368 -5113511.792057 -375940.144373 -899.370859 1240.152155 -7781.808313
871.00 -4026918.637546 -5112267.904179 -383721.679090 -893.408971 1247.623024 -7781.259249
872.00 -4027809.064694 -5111016.546820 -391502.659124 -887.444802 1255.091118 -7780.698946
873.00 -4028693.526478 -5109757.722805 -399283.073236 -881.478360 1262.556424 -7780.127405
874.00 -4029572.020746 -5108491.434836 -407062.910189 -875.509656 1270.018932 -7779.544629
875.00 -4030444.545124 -5107217.685809 -414842.158749 -869.538698 1277.478631 -7778.950618
876.00 -4031311.097480 -5105936.478448 -422620.807681 -863.565496 1284.935507 -7778.345374
877.00 -4032171.675457 -5104647.815671 -430398.845752 -857.590060 1292.389552 -7777.728897
878.00 -4033026.276944 -5103351.700225 -438176.261731 -851.612398 1299.840752 -7777.101189
879.00 -4033874.899601 -5102048.135051 -445953.044388 -845.632520 1307.289097 -7776.462252
880.00 -4034717.541334 -5100737.122919 -453729.182493 -839.650436 1314.734575 -7775.812087
881.00 -4035554.199826 -5099418.666793 -461504.664818 -833.666155 1322.177175 -7775.150694
882.00 -4036384.873000 -5098092.769465 -469279.480139 -827.679685 1329.616885 -7774.478076
883.00 -4037209.558556 -5096759.433922 -477053.617229 -821.691037 1337.053695 -7773.794233
884.00 -4038028.254438 -5095418.662978 -484827.064864 -815.700220 1344.487592 -7773.099168
885.00 -4038840.958363 -5094070.459645 -492599.811824 -809.707244 1351.918566 -7772.392881
886.00 -4039647.668294 -5092714.826757 -500371.846887 -803.712117 1359.346605 -7771.675375
887.00 -4040448.381969 -5091351.767349 -508143.158834 -797.714849 1366.771698 -7770.946649
888.00 -4041243.097368 -5089981.284279 -515913.736447 -791.715450 1374.193833 -7770.206707
889.00 -4042031.812247 -5088603.380604 -523683.568509 -785.713928 1381.613000 -7769.455549
890.00 -4042814.524606 -5087218.059205 -531452.643806 -779.710294 1389.029186 -7768.693177
891.00 -4043591.232253 -5085825.321079 -539220.957829 -773.704627 1396.447006 -7767.934471
892.00 -4044361.933211 -5084425.168669 -546988.500836 -767.696796 1403.857198 -7767.149675
893.00 -4045126.625235 -5083017.607619 -554755.253442 -761.686879 1411.264377 -7766.353669
894.00 -4045885.306363 -5081602.640855 -562521.204439 -755.674888 1418.668530 -7765.546456
895.00 -4046637.974408 -5080180.271503 -570286.342619 -749.660831 1426.069647 -7764.728036
896.00 -4047384.627425 -5078750.502510 -578050.656777 -743.644718 1433.467716 -7763.898412
897.00 -4048125.263247 -5077313.337022 -585814.135708 -737.626558 1440.862726 -7763.057584
898.00 -4048859.879948 -5075868.778013 -593576.768211 -731.606361 1448.254666 -7762.205555
899.00 -4049588.475380 -5074416.828650 -601338.543085 -725.584137 1455.643524 -7761.342326
900.00 -4050311.047634 -5072957.491927 -609099.449130 -719.559893 1463.029290 -7760.467899
901.00 -4051027.594582 -5071490.771037 -616859.475150 -713.533641 1470.411952 -7759.582275
902.00 -4051738.114336 -5070016.668994 -624618.609949 -707.505390 1477.791498 -7758.685457
903.00 -4052442.604784 -5068535.189014 -632376.842333 -701.475149 1485.167918 -7757.777446
904.00 -4053141.064058 -5067046.334136 -640134.161110 -695.442927 1492.541201 -7756.858243
905.00 -4053833.490066 -5065550.107594 -647890.555090 -689.408734 1499.911335 -7755.927851
906.00 -4054519.880956 -5064046.512452 -655646.013083 -683.372579 1507.278308 -7754.986271
907.00 -4055200.234658 -5062535.551966 -663400.523904 -677.334472 1514.642111 -7754.033506
908.00 -4055874.549339 -5061017.229222 -671154.076366 -671.294423 1522.002731 -7753.069556
909.00 -4056542.822945 -5059491.547500 -678906.659288 -665.252441 1529.360158 -7752.094424
910.00 -4057205.053665 -5057958.509905 -686658.261488 -659.208535 1536.714381 -7751.108112
911.00 -4057861.239521 -5056418.119696 -694408.871786 -653.162715 1544.065387 -7750.110621
912.00 -4058511.378541 -5054870.380657 -702158.479185 -647.114982 1551.412053 -7749.102342
913.00 -4059155.468943 -5053315.296006 -709907.072538 -641.065363 1558.756594 -7748.082500
914.00 -4059793.508723 -5051752.868484 -717654.640462 -635.013857 1566.097886 -7747.051486
915.00 -4060425.496117 -5050183.101252 -725401.171786 -628.960476 1573.435918 -7746.009300
916.00 -4061051.429138 -5048605.997670 -733146.655339 -622.905228 1580.770678 -7744.955946
917.00 -4061671.306040 -5047021.560921 -740891.079955 -616.848123 1588.102156 -7743.891425
918.00 -4062285.124854 -5045429.794388 -748634.434467 -610.789171 1595.430340 -7742.815739
919.00 -4062892.883853 -5043830.701275 -756376.707712 -604.728380 1602.755219 -7741.728890
920.00 -4063494.581090 -5042224.284987 -764117.888527 -598.665761 1610.076783 -7740.630880
921.00 -4064090.214855 -5040610.548751 -771857.965753 -592.601323 1617.395019 -7739.521712
922.00 -4064679.783218 -5038989.495993 -779596.928232 -586.535076 1624.709917 -7738.401387
923.00 -4065263.284491 -5037361.129964 -787334.764809 -580.467029 1632.021467 -7737.269908
924.00 -4065840.716764 -5035725.454111 -795071.464329 -574.397191 1639.329656 -7736.127276
925.00 -4066412.078365 -5034082.471708 -802807.015643 -568.325573 1646.634474 -7734.973493
926.00 -4066977.367404 -5032432.186223 -810541.407600 -562.252183 1653.935909 -7733.808563
927.00 -4067536.582229 -5030774.600952 -818274.629053 -556.177032 1661.233952 -7732.632486
928.00 -4068089.720969 -5029109.719386 -826006.668858 -550.100129 1668.528590 -7731.445266
929.00 -4068636.781990 -5027437.544842 -833737.515872 -544.021483 1675.819813 -7730.246904
930.00 -4069177.763441 -5025758.080834 -841467.158953 -537.941104 1683.107609 -7729.037403
931.00 -4069712.664072 -5024071.330698 -849195.586985 -531.859635 1690.391974 -7727.816799
932.00 -4070241.481956 -5022377.297970 -856922.788825 -525.775819 1697.672884 -7726.585025
933.00 -4070764.215227 -5020675.986014 -864648.753325 -519.690299 1704.950336 -7725.342119
934.00 -4071280.862072 -5018967.398387 -872373.469353 -513.603083 1712.224317 -7724.088083
935.00 -4071791.420916 -5017251.538472 -880096.925781 -507.514183 1719.494817 -7722.822918
936.00 -4072295.889964 -5015528.409849 -887819.111481 -501.423607 1726.761824 -7721.546628
937.00 -4072794.267660 -5013798.015922 -895540.015329 -495.331366 1734.025329 -7720.259214
938.00 -4073286.552228 -5012060.360294 -903259.626203 -489.237468 1741.285319 -7718.960680
939.00 -4073772.742131 -5010315.446391 -910977.932983 -483.141923 1748.541784 -7717.651026
940.00 -4074252.835612 -5008563.277837 -918694.924550 -477.044741 1755.794713 -7716.330257
941.00 -4074726.831154 -5006803.858080 -926410.589792 -470.945931 1763.044095 -7714.998373
942.00 -4075194.727019 -5005037.190765 -934124.917593 -464.845504 1770.289919 -7713.655378
943.00 -4075656.521709 -5003263.279364 -941837.896846 -458.743468 1777.532174 -7712.301275
944.00 -4076112.213506 -5001482.127543 -949549.516440 -452.639833 1784.770849 -7710.936064
945.00 -4076561.800930 -4999693.738794 -957259.765273 -446.534610 1792.005934 -7709.559750
946.00 -4077005.282282 -4997898.116807 -964968.632239 -440.427806 1799.237417 -7708.172334
947.00 -4077442.656103 -4996095.265095 -972676.106241 -434.319433 1806.465288 -7706.773819
948.00 -4077873.920713 -4994285.187370 -980382.176178 -428.209500 1813.689536 -7705.364207
949.00 -4078299.074670 -4992467.887167 -988086.830957 -422.098016 1820.910149 -7703.943502
950.00 -4078718.116373 -4990643.368172 -995790.059485 -415.984991 1828.127117 -7702.511705
951.00 -4079131.044227 -4988811.634082 -1003491.850671 -409.870435 1835.340430 -7701.068820
952.00 -4079537.856820 -4986972.688465 -1011192.193429 -403.754357 1842.550076 -7699.614848
953.00 -4079938.552521 -4985126.535087 -1018891.076673 -397.636767 1849.756044 -7698.149793
954.00 -4080333.129938 -4983273.177537 -1026588.489320 -391.517675 1856.958324 -7696.673657
955.00 -4080721.587457 -4981412.619603 -1034284.420293 -385.397090 1864.156905 -7695.186442
956.00 -4081103.923706 -4979544.864896 -1041978.858513 -379.275021 1871.351776 -7693.688152
957.00 -4081480.137093 -4977669.917223 -1049671.792906 -373.151480 1878.542926 -7692.178789
958.00 -4081850.226261 -4975787.780219 -1057363.212401 -367.026474 1885.730344 -7690.658356
959.00 -4082214.189639 -4973898.457714 -1065053.105930 -360.900014 1892.914020 -7689.126856
960.00 -4082572.025892 -4972001.953361 -1072741.462425 -354.772110 1900.093943 -7687.584291
961.00 -4082923.733465 -4970098.271013 -1080428.270824 -348.642771 1907.270102 -7686.030664
962.00 -4083269.311042 -4968187.414346 -1088113.520066 -342.512007 1914.442487 -7684.465978
963.00 -4083608.757089 -4966269.387233 -1095797.199094 -336.379827 1921.611085 -7682.890235
964.00 -4083942.070310 -4964344.193372 -1103479.296852 -330.246241 1928.775888 -7681.303439
965.00 -4084269.249190 -4962411.836657 -1111159.802288 -324.111259 1935.936884 -7679.705592
966.00 -4084590.292450 -4960472.320808 -1118838.704353 -317.974891 1943.094062 -7678.096698
967.00 -4084905.198596 -4958525.649740 -1126515.992001 -311.837146 1950.247412 -7676.476758
968.00 -4085213.966370 -4956571.827195 -1134191.654188 -305.698034 1957.396923 -7674.845776
969.00 -4085516.594295 -4954610.857109 -1141865.679874 -299.557564 1964.542584 -7673.203755
970.00 -4085813.081133 -4952642.743245 -1149538.058020 -293.415747 1971.684384 -7671.550698
971.00 -4086103.425427 -4950667.489562 -1157208.777593 -287.272592 1978.822314 -7669.886608
972.00 -4086387.625957 -4948685.099843 -1164877.827559 -281.128108 1985.956361 -7668.211487
973.00 -4086665.681287 -4946695.578069 -1172545.196891 -274.982306 1993.086516 -7666.525339
974.00 -4086937.590216 -4944698.928043 -1180210.874562 -268.835195 2000.212768 -7664.828166
975.00 -4087203.351326 -4942695.153768 -1187874.849549 -262.686784 2007.335106 -7663.119972
976.00 -4087462.963437 -4940684.259070 -1195537.110833 -256.537084 2014.453520 -7661.400760
977.00 -4087716.425151 -4938666.247971 -1203197.647397 -250.386104 2021.567998 -7659.670532
978.00 -4087963.735305 -4936641.124319 -1210856.448226 -244.233854 2028.678531 -7657.929292
979.00 -4088204.892522 -4934608.892159 -1218513.502311 -238.080344 2035.785108 -7656.177043
980.00 -4088439.895659 -4932569.555357 -1226168.798643 -231.925583 2042.887717 -7654.413787
981.00 -4088668.743357 -4930523.117981 -1233822.326218 -225.769581 2049.986349 -7652.639529
982.00 -4088891.434493 -4928469.583920 -1241474.074035 -219.612347 2057.080993 -7650.854271
983.00 -4089107.967727 -4926408.957259 -1249124.031094 -213.453893 2064.171638 -7649.058016
984.00 -4089318.341957 -4924341.241911 -1256772.186402 -207.294226 2071.258274 -7647.250768
985.00 -4089522.555862 -4922266.441982 -1264418.528966 -201.133357 2078.340890 -7645.432529
986.00 -4089720.608357 -4920184.561405 -1272063.047798 -194.971296 2085.419476 -7643.603303
987.00 -4089912.498143 -4918095.604309 -1279705.731911 -188.808053 2092.494020 -7641.763093
988.00 -4090098.224154 -4915999.574647 -1287346.570324 -182.643636 2099.564513 -7639.911903
989.00 -4090277.785110 -4913896.476569 -1294985.552057 -176.478057 2106.630944 -7638.049735
990.00 -4090451.179965 -4911786.314047 -1302622.666135 -170.311323 2113.693303 -7636.176592
991.00 -4090618.407515 -4909669.091209 -1310257.901585 -164.143447 2120.751578 -7634.292479
992.00 -4090779.466564 -4907544.812188 -1317891.247437 -157.974436 2127.805760 -7632.397398
993.00 -4090934.356095 -4905413.480989 -1325522.692727 -151.804301 2134.855837 -7630.491353
994.00 -4091083.074878 -4903275.101816 -1333152.226490 -145.633052 2141.901800 -7628.574347
995.00 -4091225.621914 -4901129.678695 -1340779.837769 -139.460699 2148.943638 -7626.646383
996.00 -4091361.995992 -4898977.215849 -1348405.515606 -133.287250 2155.981341 -7624.707466
997.00 -4091492.196134 -4896817.717326 -1356029.249049 -127.112716 2163.014897 -7622.757597
998.00 -4091616.221148 -4894651.187371 -1363651.027150 -120.937107 2170.044297 -7620.796781
999.00 -4091734.070075 -4892477.630052 -1371270.838963 -114.760432 2177.069530 -7618.825020
1000.00 -4091845.741742 -4890297.049634 -1378888.673544 -108.582701 2184.090586 -7616.842320