#Unix T+0 Time (s)
1785553723.00

# Delta T+ Time (s), ECEF Target Position (m), ECEF Target Velocity (m/s)
0.00 -2675270.541530 -4521717.738923 3604438.840945 0.000000 -0.000000 0.000000
1.00 -2675271.122420 -4521718.732861 3604439.623182 -1.191987 -2.039146 1.605341
2.00 -2675272.988384 -4521721.923276 3604442.133717 -2.567189 -4.387566 3.450904
3.00 -2675276.328290 -4521727.627511 3604446.617967 -4.127230 -7.044856 5.536166
4.00 -2675281.262939 -4521736.045240 3604453.231997 -5.750496 -9.804485 7.703341
5.00 -2675287.847812 -4521747.267492 3604462.049384 -7.429761 -12.658052 9.945717
6.00 -2675296.145653 -4521761.401380 3604473.154570 -9.178333 -15.631862 12.281413
7.00 -2675306.223454 -4521778.563870 3604486.636919 -10.983435 -18.704377 14.690688
8.00 -2675318.126988 -4521798.835848 3604502.552678 -12.829663 -21.851486 17.147806
9.00 -2675331.893873 -4521822.290262 3604520.943513 -14.708626 -25.068244 19.637506
10.00 -2675347.557432 -4521848.999824 3604541.842143 -16.623582 -28.361842 22.165263
11.00 -2675365.150039 -4521879.031458 3604565.284876 -18.567921 -31.712204 24.730472
12.00 -2675384.700092 -4521912.434788 3604591.325225 -20.537380 -35.101353 27.362652
13.00 -2675406.239874 -4521949.250223 3604620.021259 -22.553323 -38.541283 30.027688
14.00 -2675429.835422 -4521989.548529 3604651.364403 -24.655377 -42.076419 32.648267
15.00 -2675455.583327 -4522033.440465 3604685.288679 -26.856751 -45.727191 35.186139
16.00 -2675483.581295 -4522081.041084 3604721.710538 -29.155523 -49.494036 37.647045
17.00 -2675513.924880 -4522132.463532 3604760.560857 -31.547023 -53.368475 40.044181
18.00 -2675546.706704 -4522187.813334 3604801.780331 -34.032576 -57.349130 42.385920
19.00 -2675582.019628 -4522247.192318 3604845.310865 -36.609699 -61.426174 44.665664
20.00 -2675619.958525 -4522310.698826 3604891.090302 -39.284895 -65.604567 46.883325
21.00 -2675660.623791 -4522378.436518 3604939.057113 -42.063342 -69.888459 49.040811
22.00 -2675704.115439 -4522450.502269 3604989.146875 -44.937368 -74.259621 51.129362
23.00 -2675750.533417 -4522526.986808 3605041.296349 -47.914904 -78.722244 53.158747
24.00 -2675799.982438 -4522607.980268 3605095.447272 -51.001556 -83.281447 55.134626
25.00 -2675852.572147 -4522693.579319 3605151.546614 -54.194995 -87.929762 57.054215
26.00 -2675908.409601 -4522783.872552 3605209.539368 -57.496570 -92.670911 58.921713
27.00 -2675967.601693 -4522878.954669 3605269.374744 -60.903802 -97.507154 60.739733
28.00 -2676030.252073 -4522978.919735 3605331.003128 -64.413678 -102.439003 62.509026
29.00 -2676096.462089 -4523083.863742 3605394.376576 -68.023837 -107.465912 64.231192
30.00 -2676166.331783 -4523193.883827 3605459.451543 -71.731060 -112.590083 65.912013
31.00 -2676239.957038 -4523309.076524 3605526.190014 -75.536917 -117.812780 67.561275
32.00 -2676317.439062 -4523429.542531 3605594.566640 -79.444121 -123.136633 69.189405
33.00 -2676398.877106 -4523555.383773 3605664.564069 -83.445216 -128.560731 70.802440
34.00 -2676484.355003 -4523686.697602 3605736.167147 -87.523471 -134.085909 72.400832
35.00 -2676573.950385 -4523823.596370 3605809.350934 -91.680825 -139.733657 73.954706
36.00 -2676667.747261 -4523966.210671 3605884.046245 -95.930924 -145.519941 75.420189
37.00 -2676765.847752 -4524114.680302 3605960.157007 -100.289275 -151.442445 76.784296
38.00 -2676868.365637 -4524269.142737 3606037.580500 -104.766768 -157.506777 78.045253
39.00 -2676975.417189 -4524429.735616 3606116.205590 -109.355510 -163.703887 79.183559
40.00 -2677087.113082 -4524596.599855 3606195.898558 -114.056305 -170.052879 80.176406
41.00 -2677203.566443 -4524769.893063 3606276.498411 -118.868929 -176.561298 80.991325
42.00 -2677324.888780 -4524949.780903 3606357.814964 -123.794724 -183.244546 81.606612
43.00 -2677451.192303 -4525136.441154 3606439.635142 -128.829040 -190.103922 81.992272
44.00 -2677582.584057 -4525330.051256 3606521.714018 -133.972442 -197.146685 82.119966
45.00 -2677719.174604 -4525530.796087 3606603.781358 -139.226866 -204.372574 81.966465
46.00 -2677861.070574 -4525738.851344 3606685.548604 -144.579887 -211.764386 81.518442
47.00 -2678008.366387 -4525954.381425 3606766.721003 -150.029389 -219.326293 80.779693
48.00 -2678161.157284 -4526177.553926 3606847.018237 -155.561322 -227.037313 79.772872
49.00 -2678319.507181 -4526408.493954 3606926.192420 -161.138878 -234.848442 78.538440
50.00 -2678482.896061 -4526646.439448 3607003.781867 -165.310733 -240.548144 76.469934
51.00 -2678649.783965 -4526889.074352 3607078.967155 -168.406582 -244.638303 73.874249
52.00 -2678819.667586 -4527135.671829 3607151.497957 -171.351901 -248.555583 71.163954
53.00 -2678992.474594 -4527386.187039 3607221.226525 -174.260192 -252.478464 68.257275
54.00 -2679168.193228 -4527640.640633 3607287.949943 -177.182877 -256.434321 65.164279
55.00 -2679346.853432 -4527899.064123 3607351.508932 -180.144944 -260.417931 61.931411
56.00 -2679528.500919 -4528161.489527 3607411.763373 -183.158431 -264.436189 58.550925
57.00 -2679713.220410 -4528427.989284 3607468.567368 -186.438999 -268.791721 55.074199
58.00 -2679902.000891 -4528699.991826 3607522.014279 -191.367572 -275.570312 51.835454
59.00 -2680096.147644 -4528979.386128 3607572.172934 -196.960728 -283.252954 48.431532
60.00 -2680295.997559 -4529266.569685 3607618.790351 -202.772959 -291.141193 44.766321
61.00 -2680501.764898 -4529561.717057 3607661.631963 -208.802351 -299.176911 40.878284
62.00 -2680713.683761 -4529864.955144 3607700.463605 -215.062379 -307.292034 36.741240
63.00 -2680931.937225 -4530176.273646 3607735.030066 -221.476298 -315.346572 32.352054
64.00 -2681156.725232 -4530495.695876 3607765.088727 -228.138605 -323.518768 27.722947
65.00 -2681388.292615 -4530823.353734 3607790.385493 -235.032544 -331.810695 22.821579
66.00 -2681626.861521 -4531159.332295 3607810.629156 -242.137107 -340.150742 17.613867
67.00 -2681872.600308 -4531503.635349 3607825.514481 -249.349154 -348.444508 12.114247
68.00 -2682125.574551 -4531856.212991 3607834.786922 -256.608979 -356.716797 6.399333
69.00 -2682385.854014 -4532217.112407 3607838.254462 -263.982978 -365.122136 0.504149
70.00 -2682653.602363 -4532586.525161 3607835.725565 -271.538311 -373.729444 -5.598063
71.00 -2682928.962513 -4532964.606694 3607826.987060 -279.193951 -382.448429 -11.915286
72.00 -2683212.009586 -4533351.453036 3607811.817346 -286.908480 -391.262685 -18.465511
73.00 -2683502.788187 -4533747.166227 3607789.971410 -294.658191 -400.185341 -25.268760
74.00 -2683801.336284 -4534151.840392 3607761.198357 -302.456426 -409.182201 -32.318629
75.00 -2684107.753039 -4534565.577473 3607725.249357 -310.406799 -418.315497 -39.621989
76.00 -2684422.205785 -4534988.507503 3607681.869389 -318.525385 -427.564814 -47.179128
77.00 -2684744.823839 -4535420.717742 3607630.819287 -326.712875 -436.854730 -54.954095
78.00 -2685075.649010 -4535862.230122 3607571.895782 -334.955781 -446.190946 -62.927498
79.00 -2685414.788619 -4536313.164905 3607504.888896 -343.346993 -455.707847 -71.125908
80.00 -2685762.395881 -4536773.712916 3607429.553683 -351.886365 -465.414879 -79.592600
81.00 -2686118.605997 -4537244.062070 3607345.597954 -360.554441 -475.315199 -88.373546
82.00 -2686483.539678 -4537724.392884 3607252.700031 -369.329048 -485.368510 -97.473806
83.00 -2686857.297933 -4538214.850338 3607150.550332 -378.198217 -495.565260 -106.872918
84.00 -2687239.942492 -4538715.537785 3607038.867507 -387.098776 -505.822634 -116.537864
85.00 -2687631.518174 -4539226.531876 3606917.381774 -396.067206 -516.187402 -126.480905
86.00 -2688032.136091 -4539747.990755 3606785.803823 -405.200100 -526.770293 -136.723890
87.00 -2688441.972553 -4540280.138306 3606643.841258 -414.495912 -537.548062 -147.244182
88.00 -2688861.190044 -4540823.127021 3606491.231690 -423.977355 -548.443909 -158.015489
89.00 -2689290.002387 -4541377.036584 3606327.731750 -433.690223 -559.381335 -169.026864
90.00 -2689728.658490 -4541941.896276 3606153.088627 -443.667254 -570.340692 -180.306177
91.00 -2690177.417579 -4542517.714467 3605967.027592 -453.887919 -581.293711 -191.860935
92.00 -2690636.495667 -4543104.474269 3605769.284366 -464.298592 -592.227745 -203.669148
93.00 -2691106.059285 -4543702.184196 3605559.598043 -474.841433 -603.206424 -215.740196
94.00 -2691586.203738 -4544310.933316 3605337.776867 -485.465692 -614.326239 -227.893953
95.00 -2692077.036643 -4544930.922669 3605103.839384 -496.230101 -625.706145 -239.967787
96.00 -2692578.738818 -4545562.468949 3604857.855264 -507.208329 -637.442980 -251.995910
97.00 -2693091.510282 -4546205.905503 3604599.856170 -518.357916 -649.470511 -263.999084
98.00 -2693615.504906 -4546861.490824 3604329.857528 -529.653062 -661.735382 -275.999145
99.00 -2694150.847021 -4547529.428067 3604047.856284 -541.044281 -674.159242 -288.006294
100.00 -2694697.623214 -4548209.850413 3603753.832929 -552.526039 -686.710588 -300.049984
101.00 -2695255.937173 -4548902.902380 3603447.732780 -564.126143 -699.425457 -312.166044
102.00 -2695825.954265 -4549608.801692 3603129.452067 -575.938071 -712.412236 -324.417827
103.00 -2696407.859168 -4550327.789515 3602798.855051 -587.892885 -725.592648 -336.797654
104.00 -2697001.776152 -4551060.034043 3602455.816328 -599.958323 -738.919008 -349.299128
105.00 -2697607.840637 -4551805.710522 3602100.204966 -612.209589 -752.481752 -361.952501
106.00 -2698226.269799 -4552565.084314 3601731.851853 -624.682018 -766.303766 -374.784541
107.00 -2698857.261741 -4553338.382580 3601350.574373 -637.326708 -780.320930 -387.800020
108.00 -2699500.961058 -4554125.765744 3600956.197502 -650.087805 -794.461146 -400.979465
109.00 -2700157.473866 -4554927.344107 3600548.561439 -662.962435 -808.724993 -414.322785
110.00 -2700826.946793 -4555743.286680 3600127.486875 -676.019812 -823.201984 -427.860987
111.00 -2701509.584826 -4556573.830199 3599692.771996 -689.282592 -837.915485 -441.597763
112.00 -2702205.566513 -4557419.179288 3599244.233267 -702.718934 -852.826882 -455.513783
113.00 -2702915.102643 -4558279.579589 3598781.674058 -716.385269 -868.013392 -469.635715
114.00 -2703638.384609 -4559155.263369 3598304.909745 -730.206713 -883.387285 -483.920663
115.00 -2704375.578998 -4560046.431212 3597813.773612 -744.209463 -898.983664 -498.379027
116.00 -2705126.858211 -4560953.298973 3597308.097903 -758.389818 -914.801388 -513.005352
117.00 -2705892.446211 -4561876.139296 3596787.695765 -772.816019 -930.914312 -527.824653
118.00 -2706672.552300 -4562815.195569 3596252.397038 -787.437570 -947.242324 -542.803157
119.00 -2707467.389484 -4563770.691056 3595702.038089 -802.269718 -963.781591 -557.939189
120.00 -2708277.163018 -4564742.831910 3595136.467318 -817.311847 -980.534273 -573.226994
121.00 -2709102.067036 -4565731.808081 3594555.544448 -832.530230 -997.452223 -588.642116
122.00 -2709942.296666 -4566737.811964 3593959.133414 -847.959359 -1014.584839 -604.200799
123.00 -2710798.055012 -4567761.045100 3593347.101009 -863.595768 -1031.920412 -619.885739
124.00 -2711669.561128 -4568801.727424 3592719.320270 -879.452751 -1049.481253 -635.696606
125.00 -2712557.069614 -4569860.127316 3592075.647291 -895.612469 -1067.372763 -651.676241
126.00 -2713460.874579 -4570936.573922 3591415.916265 -912.029306 -1085.555141 -667.805940
127.00 -2714381.197499 -4572031.311144 3590739.992969 -928.645193 -1103.949075 -684.058838
128.00 -2715318.231174 -4573144.542529 3590047.756873 -945.462639 -1122.557836 -700.438080
129.00 -2716272.197475 -4574276.512444 3589339.085549 -962.508060 -1141.428068 -716.918127
130.00 -2717243.365391 -4575427.520113 3588613.811456 -979.909617 -1160.659340 -733.741050
131.00 -2718232.152156 -4576597.908906 3587871.307462 -997.723187 -1180.135162 -751.446703
132.00 -2719238.912225 -4577787.789012 3587110.538041 -1015.820021 -1199.588188 -770.271846
133.00 -2720263.809660 -4578996.974917 3586330.429814 -1033.984933 -1218.731543 -790.107180
134.00 -2721306.929133 -4580225.190041 3585529.985946 -1052.292419 -1237.690911 -810.956154
135.00 -2722368.455591 -4581472.322835 3584708.191281 -1070.623857 -1256.364421 -832.665030
136.00 -2723447.877310 -4582737.476328 3583864.640685 -1088.193407 -1273.869085 -854.522020
137.00 -2724544.876603 -4584020.017993 3582998.930059 -1105.819580 -1291.191501 -876.998877
138.00 -2725659.541450 -4585319.818350 3582110.452427 -1123.529386 -1308.402980 -900.056737
139.00 -2726791.994500 -4586636.837669 3581198.599865 -1141.413601 -1325.651855 -923.763527
140.00 -2727942.390491 -4587971.101582 3580262.736425 -1159.282195 -1342.748919 -947.965659
141.00 -2729110.344530 -4589322.062412 3579302.704830 -1176.583416 -1359.111246 -972.117805
142.00 -2730295.529162 -4590689.274659 3578318.446355 -1193.792962 -1375.320773 -996.428213
143.00 -2731497.973331 -4592072.761859 3577309.800993 -1211.125375 -1391.695410 -1020.874509
144.00 -2732717.874333 -4593472.795634 3576276.680410 -1228.745479 -1408.464480 -1045.377672
145.00 -2733955.584218 -4594889.858235 3575219.063043 -1246.561388 -1425.549805 -1069.694264
146.00 -2735210.518235 -4596323.385898 3574137.824575 -1263.145748 -1441.335203 -1092.594748
147.00 -2736481.322527 -4597771.924853 3573034.414097 -1276.974046 -1454.083569 -1112.941493
148.00 -2737759.099933 -4599225.547859 3571916.483428 -1276.675623 -1451.030012 -1121.308558
149.00 -2739033.839862 -4600673.054432 3570792.502064 -1272.804110 -1443.983776 -1126.653649
150.00 -2740288.467819 -4602095.436535 3569677.040108 -1268.426578 -1436.406984 -1131.548098
151.00 -2741554.051874 -4603527.308722 3568543.600293 -1263.351726 -1428.017757 -1135.850766
152.00 -2742815.412024 -4604951.740409 3567405.134987 -1259.453642 -1420.939909 -1141.151159
153.00 -2744072.985194 -4606369.217056 3566261.278067 -1255.691171 -1414.011699 -1146.560322
154.00 -2745326.786009 -4607779.754479 3565112.023606 -1251.901909 -1407.066061 -1151.947067
155.00 -2746576.753287 -4609183.362853 3563957.387417 -1248.060500 -1400.126713 -1157.317328
156.00 -2747822.894434 -4610580.011152 3562797.392945 -1244.224339 -1393.168735 -1162.670028
157.00 -2749065.168432 -4611969.646949 3561632.082305 -1240.177270 -1385.953747 -1167.844094
158.00 -2750303.090990 -4613351.787226 3560461.808538 -1235.744971 -1378.382930 -1172.750197
159.00 -2751536.758872 -4614726.530018 3559286.497463 -1231.625955 -1371.143271 -1177.900564
160.00 -2752766.398425 -4616094.113832 3558105.976599 -1227.665743 -1364.038428 -1183.150438
161.00 -2753992.095965 -4617454.631464 3556920.181733 -1223.734478 -1357.001264 -1188.441715
162.00 -2755213.892009 -4618808.126249 3555729.088457 -1219.875154 -1350.006915 -1193.754330
163.00 -2756431.830977 -4620154.630154 3554532.682524 -1215.995065 -1342.993318 -1199.052891
164.00 -2757645.877358 -4621494.116385 3553330.980957 -1212.091237 -1335.989193 -1204.357299
165.00 -2758856.034527 -4622826.599524 3552123.966947 -1208.222638 -1328.963361 -1209.682316
166.00 -2760062.312968 -4624152.055384 3550911.641392 -1204.333938 -1321.948440 -1214.968129
167.00 -2761264.713054 -4625470.507177 3549694.031218 -1200.483265 -1314.972121 -1220.254487
168.00 -2762463.284535 -4626782.002675 3548471.140873 -1196.646246 -1308.010036 -1225.522101
169.00 -2763657.969454 -4628086.506490 3547242.988606 -1192.737058 -1300.993382 -1230.772054
170.00 -2764848.754566 -4629383.995447 3546009.587886 -1188.822592 -1293.981197 -1236.032714
171.00 -2766035.627692 -4630674.469022 3544770.929451 -1184.936095 -1286.957665 -1241.296362
172.00 -2767218.635268 -4631957.921668 3543526.993200 -1181.081899 -1279.973676 -1246.567701
173.00 -2768397.789262 -4633234.426140 3542277.784424 -1177.221019 -1273.025951 -1251.843009
174.00 -2769573.062137 -4634503.950937 3541023.319285 -1173.327941 -1266.027958 -1257.087882
175.00 -2770744.445077 -4635766.482715 3539763.609511 -1169.432352 -1259.029642 -1262.329695
176.00 -2771911.926244 -4637022.010272 3538498.660799 -1165.529632 -1252.025663 -1267.567309
177.00 -2773075.503911 -4638270.534440 3537228.475849 -1161.625331 -1245.023020 -1272.802026
178.00 -2774235.180685 -4639512.054015 3535953.054554 -1157.747997 -1238.003379 -1278.055303
179.00 -2775390.975537 -4640746.557041 3534672.384265 -1153.844228 -1231.005881 -1283.285465
180.00 -2776542.871571 -4641974.069744 3533386.484166 -1149.942218 -1224.013496 -1288.513219
181.00 -2777690.855452 -4643194.586084 3532095.351536 -1146.027576 -1217.018016 -1293.747305
182.00 -2778834.927873 -4644408.105149 3530798.993402 -1142.116933 -1210.020351 -1298.968463
183.00 -2779975.090688 -4645614.629132 3529497.415314 -1138.209857 -1203.029503 -1304.187449
184.00 -2781111.344128 -4646814.160628 3528190.619955 -1134.299154 -1196.036756 -1309.403128
185.00 -2782243.688249 -4648006.707980 3526878.602162 -1130.384379 -1189.051505 -1314.629800
186.00 -2783372.114569 -4649192.262124 3525561.367081 -1126.467853 -1182.056944 -1319.839849
187.00 -2784496.623577 -4650370.822074 3524238.923521 -1122.549916 -1175.063138 -1325.046791
188.00 -2785617.213995 -4651542.388647 3522911.274450 -1118.630523 -1168.070173 -1330.250808
189.00 -2786733.884327 -4652706.962646 3521578.423016 -1114.711979 -1161.081295 -1335.453168
190.00 -2787846.638025 -4653864.556429 3520240.355699 -1110.792581 -1154.098663 -1340.666911
191.00 -2788955.468913 -4655015.159737 3518897.090969 -1106.868784 -1147.108081 -1345.861922
192.00 -2790060.375163 -4656158.772770 3517548.632911 -1102.943453 -1140.118148 -1351.053712
193.00 -2791161.355393 -4657295.396232 3516194.984561 -1099.016588 -1133.128927 -1356.242467
194.00 -2792258.407943 -4658425.030854 3514836.149011 -1095.090648 -1126.143540 -1361.428052
195.00 -2793351.539008 -4659547.687015 3513472.129574 -1091.166211 -1119.162730 -1366.610450
196.00 -2794440.739637 -4660663.356120 3512102.929137 -1087.234711 -1112.175537 -1371.789909
197.00 -2795526.007972 -4661772.038241 3510728.550791 -1083.301585 -1105.188916 -1376.966264
198.00 -2796607.342345 -4662873.734096 3509348.997644 -1079.366822 -1098.202845 -1382.139519
199.00 -2797684.742153 -4663968.445390 3507964.272889 -1075.436748 -1091.225654 -1387.309025
200.00 -2798758.215082 -4665056.185160 3506574.380610 -1071.504133 -1084.247822 -1392.475514
201.00 -2799827.749657 -4666136.940779 3505179.322860 -1067.564560 -1077.263518 -1397.639476
202.00 -2800893.343727 -4667210.712320 3503779.102686 -1063.623301 -1070.279691 -1402.800356
203.00 -2801954.995787 -4668277.500289 3502373.723177 -1059.680378 -1063.296367 -1407.958154
204.00 -2803012.704041 -4669337.305220 3500963.187410 -1055.738090 -1056.316671 -1413.112439
205.00 -2804066.474066 -4670390.137253 3499547.499816 -1051.796980 -1049.341338 -1418.263105
206.00 -2805116.297250 -4671435.987643 3498126.662170 -1047.849034 -1042.359470 -1423.411685
207.00 -2806162.171633 -4672474.856276 3496700.677463 -1043.899331 -1035.377971 -1428.557217
208.00 -2807204.095424 -4673506.743685 3495269.548754 -1039.947908 -1028.396887 -1433.699704
209.00 -2808242.066984 -4674531.650182 3493833.279078 -1035.996980 -1021.419336 -1438.838520
210.00 -2809276.091389 -4675549.585958 3492391.873436 -1032.047099 -1014.446071 -1443.973533
211.00 -2810306.160396 -4676560.542007 3490945.332941 -1028.090415 -1007.466133 -1449.106886
212.00 -2811332.274426 -4677564.521891 3489493.661210 -1024.140160 -1000.490302 -1454.244396
213.00 -2812354.439248 -4678561.521282 3488036.844870 -1020.184692 -993.509741 -1459.380150
214.00 -2813372.643146 -4679551.541503 3486574.902203 -1016.224824 -986.533795 -1464.503833
215.00 -2814386.890754 -4680534.592359 3485107.839084 -1012.265765 -979.561968 -1469.623496
216.00 -2815397.173909 -4681510.665132 3483635.656107 -1008.300173 -972.583579 -1474.741974
217.00 -2816403.490561 -4682479.759541 3482158.356114 -1004.332712 -965.605384 -1479.857516
218.00 -2817405.838805 -4683441.875939 3480675.942055 -1000.363416 -958.627425 -1484.970126
219.00 -2818404.216890 -4684397.014464 3479188.416851 -996.394343 -951.652731 -1490.078885
220.00 -2819398.629267 -4685345.184831 3477695.786301 -992.425981 -944.682020 -1495.183574
221.00 -2820389.068072 -4686286.378170 3476198.050562 -988.451143 -937.704708 -1500.287439
222.00 -2821375.530996 -4687220.594241 3474695.212380 -984.474381 -930.727500 -1505.388437
223.00 -2822358.016288 -4688147.833179 3473187.274649 -980.495729 -923.750440 -1510.486562
224.00 -2823336.521929 -4689068.095164 3471674.240227 -976.517183 -916.776531 -1515.580754
225.00 -2824311.052347 -4689981.389614 3470156.115294 -972.539220 -909.806485 -1520.670763
226.00 -2825281.599577 -4690887.707774 3468632.899523 -968.554854 -902.829806 -1525.760327
227.00 -2826248.161479 -4691787.049189 3467104.595574 -964.568510 -895.853140 -1530.847094
228.00 -2827210.736035 -4692679.414041 3465571.206278 -960.580226 -888.876547 -1535.931047
229.00 -2828169.321373 -4693564.802274 3464032.734421 -956.591901 -881.902939 -1541.011012
230.00 -2829123.922947 -4694443.225432 3462489.187464 -952.607178 -874.937920 -1546.084686
231.00 -2830074.533248 -4695314.675147 3460940.564771 -948.613033 -867.961471 -1551.160262
232.00 -2831021.148402 -4696179.148283 3459386.867843 -944.616824 -860.984900 -1556.233126
233.00 -2831963.766317 -4697036.644905 3457828.099439 -940.618620 -854.008314 -1561.303241
234.00 -2832902.385077 -4697887.164893 3456264.262291 -936.620257 -847.034596 -1566.369289
235.00 -2833837.008314 -4698730.717295 3454695.363271 -932.622175 -840.064435 -1571.430951
236.00 -2834767.628615 -4699567.293356 3453121.401138 -928.617918 -833.087695 -1576.492893
237.00 -2835694.243538 -4700396.892591 3451542.378377 -924.611574 -826.110795 -1581.552170
238.00 -2836616.851162 -4701219.514867 3449958.297694 -920.603171 -819.133778 -1586.608771
239.00 -2837535.449298 -4702035.160099 3448369.161747 -916.594488 -812.159504 -1591.661231
240.00 -2838450.041525 -4702843.836995 3446774.977773 -912.585942 -805.188644 -1596.709203
241.00 -2839360.620363 -4703645.536959 3445175.744054 -908.571326 -798.211219 -1601.757824
242.00 -2840267.183537 -4704440.259291 3443571.462984 -904.554541 -791.233501 -1606.803874
243.00 -2841169.729736 -4705228.005346 3441962.138009 -900.538465 -784.260202 -1611.844747
244.00 -2842068.257966 -4706008.776509 3440347.772657 -896.519178 -777.284923 -1616.883953
245.00 -2842962.769338 -4706782.578162 3438728.372736 -892.499826 -770.312819 -1621.918620
246.00 -2843853.256795 -4707549.401709 3437103.936102 -888.474566 -763.334259 -1626.954249
247.00 -2844739.717806 -4708309.246504 3435474.465070 -884.447077 -756.355311 -1631.987383
248.00 -2845622.151442 -4709062.114098 3433839.963357 -880.420463 -749.381188 -1637.014834
249.00 -2846500.556214 -4709808.005587 3432200.434323 -876.390264 -742.404417 -1642.041138
250.00 -2847374.933085 -4710546.925769 3430555.883810 -872.359818 -735.430617 -1647.062838
251.00 -2848245.275017 -4711278.866356 3428906.309294 -868.323623 -728.450462 -1652.085810
252.00 -2849111.579662 -4712003.826509 3427251.713013 -864.285174 -721.469882 -1657.106323
253.00 -2849973.844706 -4712721.805951 3425592.097480 -860.244496 -714.488916 -1662.124355
254.00 -2850832.068011 -4713432.804205 3423927.465157 -856.203100 -707.510206 -1667.138083
255.00 -2851686.251923 -4714136.829121 3422257.824170 -852.161312 -700.534318 -1672.147111
256.00 -2852536.390617 -4714833.873806 3420583.172580 -848.116301 -693.556360 -1677.154737
257.00 -2853382.482263 -4715523.938850 3418903.513520 -844.066604 -686.573696 -1682.162955
258.00 -2854224.523132 -4716207.020974 3417218.847462 -840.014597 -679.590516 -1687.168789
259.00 -2855062.510796 -4716883.119717 3415529.176779 -835.961717 -672.609408 -1692.170284
260.00 -2855896.447461 -4717552.242427 3413834.509852 -831.908287 -665.630954 -1697.166993
261.00 -2856726.326515 -4718214.381111 3412134.843366 -827.849379 -658.646291 -1702.165621
262.00 -2857552.145515 -4718869.534767 3410430.179390 -823.788110 -651.661029 -1707.161922
263.00 -2858373.902036 -4719517.702940 3408720.520312 -819.724497 -644.675205 -1712.155871
264.00 -2859191.593823 -4720158.884971 3407005.868458 -815.659864 -637.691280 -1717.145436
265.00 -2860005.222552 -4720793.088042 3405286.232520 -811.594527 -630.709851 -1722.130116
266.00 -2860814.781995 -4721420.304105 3403561.608738 -807.523814 -623.722225 -1727.117085
267.00 -2861620.271345 -4722040.535791 3401832.002163 -803.453088 -616.738456 -1732.097904
268.00 -2862421.686967 -4722653.779842 3400097.412913 -799.377593 -609.749561 -1737.080261
269.00 -2863219.025872 -4723260.034630 3398357.842420 -795.300892 -602.762324 -1742.058249
270.00 -2864012.289401 -4723859.306874 3396613.299565 -791.223299 -595.777356 -1747.031311
271.00 -2864801.471596 -4724451.588786 3394863.780306 -787.140525 -588.786383 -1752.006874
272.00 -2865586.569709 -4725036.879340 3393109.286554 -783.055276 -581.794634 -1756.980240
273.00 -2866367.581410 -4725615.177764 3391349.820574 -778.967566 -574.802139 -1761.951379
274.00 -2867144.504113 -4726186.483350 3389585.384570 -774.878526 -567.811179 -1766.918060
275.00 -2867917.338991 -4726750.802387 3387815.987701 -770.788418 -560.822290 -1771.879753
276.00 -2868686.080067 -4727308.127353 3386041.625538 -766.693269 -553.827478 -1776.844252
277.00 -2869450.724768 -4727858.457012 3384262.299912 -762.595588 -546.831800 -1781.806620
278.00 -2870211.270486 -4728401.790632 3382478.013026 -758.495387 -539.835285 -1786.766824
279.00 -2870967.714794 -4728938.127283 3380688.767020 -754.393706 -532.840132 -1791.722527
280.00 -2871720.058305 -4729467.473038 3378894.571318 -750.290784 -525.846856 -1796.673171
281.00 -2872468.295470 -4729989.820395 3377095.421119 -746.182963 -518.847745 -1801.626918
282.00 -2873212.423449 -4730505.168165 3375291.318177 -742.072550 -511.847675 -1806.578595
283.00 -2873952.439790 -4731013.515392 3373482.264637 -737.959554 -504.846674 -1811.528168
284.00 -2874688.341787 -4731514.861182 3371668.262578 -733.844923 -497.846854 -1816.473198
285.00 -2875420.129919 -4732009.211113 3369849.321681 -729.728874 -490.848708 -1821.413103
286.00 -2876147.798633 -4732496.557976 3368025.436782 -725.608072 -483.844827 -1826.356397
287.00 -2876871.345263 -4732976.900374 3366196.609560 -721.484621 -476.839897 -1831.297685
288.00 -2877590.767072 -4733450.237382 3364362.842101 -717.358521 -469.833936 -1836.236927
289.00 -2878306.061521 -4733916.567892 3362524.136425 -713.230642 -462.828984 -1841.171592
290.00 -2879017.228476 -4734375.897188 3360680.502440 -709.101105 -455.825435 -1846.101063
291.00 -2879724.264151 -4734828.221159 3358831.938371 -704.968488 -448.819629 -1851.030227
292.00 -2880427.155187 -4735273.529817 3356978.453404 -700.815944 -441.799322 -1855.942742
293.00 -2881125.901593 -4735711.823453 3355120.045993 -696.676298 -434.787838 -1860.871806
294.00 -2881820.507042 -4736143.105142 3353256.710406 -692.534821 -427.777199 -1865.796488
295.00 -2882510.971187 -4736567.379498 3351388.456603 -688.391458 -420.767692 -1870.715935
296.00 -2883197.289047 -4736984.639873 3349515.278882 -684.243763 -413.752838 -1875.639232
297.00 -2883879.457893 -4737394.884749 3347637.178755 -680.093350 -406.736817 -1880.560686
298.00 -2884557.474906 -4737798.113060 3345754.158158 -675.940181 -399.719593 -1885.480226
299.00 -2885231.337417 -4738194.323502 3343866.218984 -671.784805 -392.702866 -1890.395139
300.00 -2885901.044303 -4738583.520260 3341973.371558 -667.627344 -385.687029 -1895.304775
301.00 -2886566.591185 -4738965.696888 3340075.609752 -663.465806 -378.666062 -1900.218574
302.00 -2887227.975054 -4739340.851899 3338172.935032 -659.301441 -371.643770 -1905.130534
303.00 -2887885.193199 -4739708.983931 3336265.349289 -655.134237 -364.620138 -1910.040670
304.00 -2888538.243106 -4740070.093308 3334352.857173 -650.965315 -357.599321 -1914.941603
305.00 -2889187.123151 -4740424.182850 3332435.468130 -646.793345 -350.576528 -1919.841706
306.00 -2889831.828867 -4740771.245668 3330513.174037 -642.617573 -343.548863 -1924.746225
307.00 -2890472.357410 -4741111.280055 3328585.976283 -638.438902 -336.519768 -1929.648956
308.00 -2891108.705835 -4741444.284648 3326653.876739 -634.257323 -329.489242 -1934.549867
309.00 -2891740.871166 -4741770.258028 3324716.877201 -630.073082 -322.458662 -1939.446083
310.00 -2892368.851387 -4742089.202992 3322774.988403 -625.886221 -315.428337 -1944.336913
311.00 -2892992.642675 -4742401.113994 3320828.203646 -621.695831 -308.393406 -1949.232358
312.00 -2893612.242139 -4742705.989243 3318876.524272 -617.502469 -301.356928 -1954.126071
313.00 -2894227.646699 -4743003.827292 3316919.952106 -613.306127 -294.318910 -1959.018003
314.00 -2894838.853474 -4743294.626512 3314958.488904 -609.106889 -287.280551 -1963.905204
315.00 -2895445.859663 -4743578.389181 3312992.145600 -604.904761 -280.242117 -1968.786963
316.00 -2896048.662055 -4743855.110020 3311020.915230 -600.699382 -273.199349 -1973.673541
317.00 -2896647.257490 -4744124.787279 3309044.799092 -596.490954 -266.154918 -1978.558418
318.00 -2897241.643025 -4744387.419260 3307063.798988 -592.279470 -259.108830 -1983.441536
319.00 -2897831.815475 -4744643.004334 3305077.916653 -588.064833 -252.062074 -1988.319880
320.00 -2898417.771683 -4744891.543955 3303087.163201 -583.847023 -245.014867 -1993.192699
321.00 -2898999.508421 -4745133.033129 3301091.531513 -579.625988 -237.963275 -1998.070444
322.00 -2899577.037334 -4745367.487631 3299091.022181 -575.420688 -230.932783 -2002.947393
323.00 -2900150.344826 -4745594.893192 3297085.637521 -571.193658 -223.877933 -2007.821665
324.00 -2900719.423602 -4745815.242768 3295075.379500 -566.963055 -216.821861 -2012.691117
325.00 -2901284.269741 -4746028.537217 3293060.259267 -562.729053 -209.765040 -2017.555018
326.00 -2901844.880730 -4746234.772054 3291040.269728 -558.492257 -202.704380 -2022.423812
327.00 -2902401.253255 -4746433.945274 3289015.412244 -554.252220 -195.641749 -2027.290822
328.00 -2902953.384157 -4746626.054839 3286985.688717 -550.008917 -188.577133 -2032.155960
329.00 -2903501.270088 -4746811.098855 3284951.100999 -545.762029 -181.511228 -2037.016185
330.00 -2904044.906831 -4746989.077343 3282911.660379 -541.513356 -174.446557 -2041.870494
331.00 -2904584.300621 -4747159.997191 3280867.360950 -537.267359 -167.384902 -2046.728927
332.00 -2905119.440180 -4747323.845980 3278818.203132 -533.011016 -160.312357 -2051.586356
333.00 -2905650.321625 -4747480.621180 3276764.188931 -528.751323 -153.237738 -2056.441735
334.00 -2906176.941783 -4747630.320736 3274705.320411 -524.487878 -146.161640 -2061.291976
335.00 -2906699.295957 -4747772.944433 3272641.609123 -520.220765 -139.084406 -2066.136214
336.00 -2907217.382031 -4747908.488425 3270573.048323 -515.950715 -132.003335 -2070.985051
337.00 -2907731.228165 -4748036.987275 3268499.648338 -511.739888 -124.992918 -2075.814653
338.00 -2908240.830423 -4748158.438236 3266421.411730 -507.463874 -117.908665 -2080.658133
339.00 -2908746.154418 -4748272.803370 3264338.333004 -503.183019 -110.821614 -2085.495971
340.00 -2909247.194851 -4748380.081145 3262250.424086 -498.897976 -103.732788 -2090.327096
341.00 -2909743.949217 -4748480.268016 3260157.679490 -494.610103 -96.640558 -2095.161630
342.00 -2910236.413863 -4748573.361406 3258060.101896 -490.318406 -89.545903 -2099.992975
343.00 -2910724.584803 -4748659.358950 3255957.694707 -486.022805 -82.448786 -2104.820856
344.00 -2911208.458250 -4748738.258131 3253850.461396 -481.722890 -75.349632 -2109.642313
345.00 -2911688.028871 -4748810.057787 3251738.414641 -477.418487 -68.248535 -2114.456227
346.00 -2912163.293968 -4748874.754270 3249621.550068 -473.110863 -61.144059 -2119.272231
347.00 -2912634.232416 -4748932.326018 3247499.876228 -468.734255 -53.964287 -2124.065159
348.00 -2913100.799175 -4748982.726754 3245373.416846 -464.408357 -46.846460 -2128.861638
349.00 -2913563.048571 -4749026.019024 3243242.154094 -460.089697 -39.738053 -2133.662927
350.00 -2914020.989432 -4749062.219152 3241106.097630 -455.800628 -32.674870 -2138.445329
351.00 -2914474.648602 -4749091.368605 3238965.266066 -451.502283 -25.603425 -2143.222452
352.00 -2914923.999212 -4749113.434809 3236819.658169 -447.188543 -18.515298 -2147.994688
353.00 -2915369.023669 -4749128.399351 3234669.285293 -442.861023 -11.413958 -2152.755322
354.00 -2915809.714711 -4749136.254516 3232514.148428 -438.520185 -4.295920 -2157.516539
355.00 -2916246.054143 -4749136.996211 3230354.254519 -434.162308 2.816309 -2162.268262
356.00 -2916678.041065 -4749130.618377 3228189.616937 -429.810577 9.939803 -2167.004659
357.00 -2917105.673392 -4749117.115623 3226020.249874 -425.452809 17.066213 -2171.726987
358.00 -2917528.944602 -4749096.484919 3223846.168274 -421.088511 24.195624 -2176.433374
359.00 -2917947.848261 -4749068.723430 3221667.389176 -416.717137 31.328315 -2181.121792
360.00 -2918362.385522 -4749033.841661 3219483.934860 -412.348083 38.448361 -2185.786211
361.00 -2918772.289067 -4748991.938078 3217297.649625 -407.075720 45.198581 -2184.002604
362.00 -2919176.262036 -4748943.660961 3215117.861751 -400.846781 51.289143 -2175.532413
363.00 -2919573.947299 -4748889.511409 3212946.576616 -394.517790 56.883625 -2167.047411
364.00 -2919965.241312 -4748830.102386 3210783.994994 -387.815192 61.773212 -2156.662254
365.00 -2920347.974835 -4748767.119132 3208643.067040 -377.364735 63.926595 -2123.412808
366.00 -2920719.861962 -4748702.341617 3206537.709073 -366.397336 65.605456 -2087.249528
367.00 -2921080.780101 -4748635.901467 3204468.604509 -355.472201 67.278329 -2051.029852
368.00 -2921430.858428 -4748567.854475 3202435.806624 -344.724651 68.802071 -2014.553365
369.00 -2921770.224208 -4748498.437490 3200439.926183 -334.010090 70.025213 -1977.145284
370.00 -2922098.959282 -4748427.984906 3198481.797448 -323.514362 70.798831 -1938.976571
371.00 -2922417.323455 -4748356.986291 3196562.233138 -313.226330 71.146283 -1900.048605
372.00 -2922725.457094 -4748285.772807 3194681.914049 -303.111096 71.174051 -1860.480096
373.00 -2923023.652458 -4748214.844632 3192841.646141 -293.311007 70.624026 -1819.983999
374.00 -2923312.063490 -4748144.561634 3191042.190693 -283.560825 69.884636 -1778.828851
375.00 -2923591.002045 -4748075.412799 3189284.331197 -274.394472 68.286596 -1736.715480
376.00 -2923860.870359 -4748008.027097 3187568.865144 -265.339535 66.474010 -1694.119390
377.00 -2924121.693775 -4747942.479705 3185896.308648 -256.304520 64.586387 -1650.825393
378.00 -2924373.315427 -4747878.685151 3184267.537676 -246.869690 63.071067 -1606.586377
379.00 -2924615.407253 -4747816.372829 3182683.594882 -237.362408 61.490021 -1561.161892
380.00 -2924848.196696 -4747755.996501 3181145.608395 -228.312000 59.132212 -1514.722758
381.00 -2925072.186533 -4747698.339250 3179654.356005 -219.727504 56.092190 -1467.641211
382.00 -2925287.836506 -4747643.827360 3178209.942225 -211.904421 53.745287 -1425.210473
383.00 -2925496.921145 -4747588.297480 3176791.713858 -206.304592 57.484644 -1411.852149
384.00 -2925700.649812 -4747528.111685 3175382.816197 -201.324990 63.686426 -1409.444141
385.00 -2925899.601190 -4747460.598527 3173971.642099 -196.585061 71.319021 -1412.890406
386.00 -2926093.842495 -4747385.536055 3172557.042180 -191.909211 78.768241 -1416.304942
387.00 -2926283.438491 -4747303.128695 3171139.039280 -187.292974 86.023562 -1419.692449
388.00 -2926468.445088 -4747213.528028 3169717.699176 -182.733364 93.137999 -1422.953370
389.00 -2926648.962197 -4747116.943680 3168293.226943 -178.314784 100.006565 -1425.943419
390.00 -2926825.115317 -4747013.604444 3166865.915966 -174.010707 106.619464 -1428.623680
391.00 -2926996.986342 -4746903.763357 3165436.076510 -169.710030 113.068554 -1431.021730
392.00 -2927164.512861 -4746787.491573 3164003.955203 -165.328975 119.468159 -1433.178677
393.00 -2927327.610622 -4746664.824518 3162569.801436 -160.848074 125.873886 -1435.081999
394.00 -2927486.178887 -4746535.723751 3161133.880708 -156.276434 132.338245 -1436.714632
395.00 -2927640.145111 -4746400.129517 3159696.463561 -151.658610 138.841686 -1438.064502
396.00 -2927789.497258 -4746258.052221 3158257.872859 -147.049894 145.300867 -1439.048142
397.00 -2927934.266191 -4746109.576369 3156818.520758 -142.506174 151.608310 -1439.567236
398.00 -2928074.561446 -4745954.953052 3155378.938777 -138.116925 157.567758 -1439.486768
399.00 -2928210.552876 -4745794.553233 3153939.773019 -133.874855 163.209874 -1438.732636
400.00 -2928342.280361 -4745628.500109 3152501.691287 -129.547076 168.932707 -1437.324152
401.00 -2928469.596088 -4745456.663057 3151065.349250 -125.077565 174.710375 -1435.236255
402.00 -2928592.475531 -4745279.232607 3149631.502265 -120.715524 180.053248 -1432.296786
403.00 -2928711.067460 -4745096.693876 3148201.099864 -116.464301 185.006127 -1428.334362
404.00 -2928825.372587 -4744909.240814 3146775.176540 -112.141085 189.854814 -1423.334536
405.00 -2928935.397526 -4744717.175279 3145354.826627 -107.948223 194.171945 -1417.146210
406.00 -2929041.292299 -4744520.959253 3143941.336673 -103.829554 198.279380 -1409.609975
407.00 -2929143.052865 -4744320.711820 3142536.074759 -99.737116 202.060557 -1400.655048
408.00 -2929240.877968 -4744117.130648 3141140.604838 -95.909812 205.076680 -1389.988016
409.00 -2929334.788911 -4743910.558212 3139756.670083 -91.921523 207.947042 -1377.588192
410.00 -2929424.880189 -4743701.647089 3138386.105352 -88.323093 209.770330 -1363.177068
411.00 -2929511.402320 -4743491.007539 3137030.979529 -84.699188 211.429632 -1346.754769
412.00 -2929594.359471 -4743279.193947 3135693.348811 -81.276792 212.031660 -1328.089065
413.00 -2929673.998356 -4743067.102010 3134375.585505 -78.023839 212.021628 -1307.049292
414.00 -2929750.464674 -4742855.426524 3133080.101518 -74.953469 211.225930 -1283.481050
415.00 -2929824.074067 -4742645.070223 3131809.509969 -72.322102 209.266717 -1257.232007
416.00 -2929895.088053 -4742437.041161 3130566.545389 -69.760426 206.605069 -1228.265062
417.00 -2929963.834422 -4742232.413001 3129353.919254 -67.776818 202.534063 -1196.543349
418.00 -2930030.688304 -4742032.212243 3128174.279313 -65.995789 197.640547 -1162.294643
419.00 -2930095.988486 -4741837.572269 3127030.207183 -64.676287 191.430686 -1125.398906
420.00 -2930160.121739 -4741649.626441 3125924.376540 -63.667225 184.270734 -1085.857627
421.00 -2930223.453082 -4741469.426714 3124859.234483 -63.023439 176.012769 -1044.131998
422.00 -2930286.314824 -4741297.911832 3123836.539433 -62.724437 167.003392 -1001.074079
423.00 -2930349.025217 -4741135.584715 3122857.396219 -62.786800 157.473388 -957.088668
424.00 -2930411.856146 -4740982.988565 3121922.427437 -62.913734 147.622527 -912.882686
425.00 -2930474.839317 -4740840.419946 3121031.388123 -63.036818 137.518752 -869.379811
426.00 -2930537.930128 -4740707.898148 3120183.261160 -63.078641 127.598947 -827.063453
427.00 -2930601.034659 -4740585.052044 3119376.955543 -63.191924 118.270457 -785.704729
428.00 -2930664.408217 -4740471.061302 3118611.486396 -63.559389 109.792783 -745.443329
429.00 -2930728.030059 -4740365.213196 3117885.547743 -63.654187 101.991519 -706.743635
430.00 -2930791.716536 -4740266.819123 3117197.267394 -63.742321 94.965193 -670.192305
431.00 -2930855.561853 -4740175.095549 3116544.419876 -63.919820 88.584669 -635.902348
432.00 -2930919.430865 -4740089.431562 3115924.631886 -63.782017 82.832027 -604.070814
433.00 -2930983.026315 -4740009.200857 3115335.508449 -63.316525 77.720111 -574.567648
434.00 -2931045.857292 -4739933.892385 3114774.726982 -62.231938 72.995369 -547.374705
435.00 -2931107.242385 -4739862.914244 3114239.995159 -60.417560 69.114346 -522.462466
436.00 -2931166.431720 -4739795.334259 3113729.075748 -57.850727 66.213361 -499.719775
437.00 -2931222.787377 -4739730.229314 3113239.923346 -54.795281 64.128121 -478.883407
438.00 -2931275.946326 -4739666.815101 3112770.748230 -51.483169 62.795426 -459.731321
439.00 -2931325.721974 -4739604.554770 3112319.997915 -48.106376 61.709111 -441.960555
440.00 -2931372.311809 -4739543.509277 3111886.499961 -45.139711 60.318326 -425.191232
441.00 -2931416.047714 -4739483.878730 3111469.230988 -42.295817 59.111827 -409.595447
442.00 -2931456.795670 -4739424.823800 3111066.777453 -39.145916 59.212667 -395.567343
443.00 -2931494.294776 -4739365.142310 3110677.654221 -35.856206 60.245693 -382.865895
444.00 -2931528.524358 -4739304.225833 3110300.718050 -32.612031 61.607753 -371.154158
445.00 -2931559.511028 -4739241.849782 3109935.054403 -29.341627 63.206933 -360.318985
446.00 -2931587.228977 -4739177.744162 3109579.817764 -26.115108 65.007611 -350.272843
447.00 -2931611.743169 -4739111.807021 3109234.278274 -22.903601 66.897459 -340.922371
448.00 -2931633.003651 -4739043.865546 3108897.741409 -19.601105 69.036354 -332.261420
449.00 -2931650.938038 -4738973.672268 3108569.555681 -16.272297 71.359691 -324.203269
450.00 -2931665.588129 -4738901.148333 3108249.095291 -13.056330 73.681913 -316.843687
451.00 -2931677.107853 -4738826.325299 3107935.637596 -10.019728 75.942602 -310.181740
452.00 -2931685.679903 -4738749.274866 3107628.485323 -7.150950 78.164757 -304.250755
453.00 -2931691.455290 -4738669.982155 3107326.903207 -4.417914 80.421495 -299.016124
454.00 -2931694.560618 -4738588.429855 3107030.270102 -1.815703 82.679224 -294.325666
455.00 -2931695.118649 -4738504.615125 3106738.163517 0.684097 84.956621 -289.922724
456.00 -2931693.232444 -4738418.523830 3106450.353961 3.073395 87.220442 -285.726998
457.00 -2931689.009398 -4738330.197227 3106166.648134 5.349751 89.421331 -281.718581
458.00 -2931682.555070 -4738239.672463 3105886.855185 7.550730 91.625339 -277.899151
459.00 -2931673.908645 -4738146.951672 3105610.801202 9.740392 93.808002 -274.227407
460.00 -2931663.101088 -4738052.095283 3105338.361601 11.867018 95.897829 -270.666508
461.00 -2931650.183085 -4737955.173870 3105069.439540 13.959757 97.925436 -267.194681
462.00 -2931635.189340 -4737856.288596 3104803.945034 16.020765 99.814589 -263.808104
463.00 -2931618.160274 -4737755.599624 3104541.794401 18.034797 101.553068 -260.502909
464.00 -2931599.133666 -4737653.214085 3104282.915449 20.011422 103.195760 -257.267054
465.00 -2931578.150692 -4737549.259610 3104027.241084 21.942007 104.679871 -254.090932
466.00 -2931555.282560 -4737443.905530 3103774.718891 23.778751 106.012688 -250.957995
467.00 -2931530.620200 -4737337.270251 3103525.312157 25.535999 107.242387 -247.861072
468.00 -2931504.236118 -4737229.463629 3103278.986800 27.208279 108.341383 -244.794434
469.00 -2931476.248116 -4737120.643915 3103035.717394 28.744752 109.275268 -241.748204
470.00 -2931446.783179 -4737010.955971 3102795.482203 30.168813 110.076033 -238.726112
471.00 -2931415.958010 -4736900.553045 3102558.246352 31.463728 110.714431 -235.748510
472.00 -2931383.893883 -4736789.550515 3102323.978679 32.640108 111.274645 -232.794534
473.00 -2931350.718199 -4736678.042013 3102092.639185 33.693407 111.723595 -229.893528
474.00 -2931316.548519 -4736566.136819 3101864.168477 34.630129 112.081562 -227.058338
475.00 -2931281.570720 -4736453.960820 3101638.457372 34.920649 111.954110 -224.580331
476.00 -2931246.308908 -4736342.605274 3101418.096416 35.901069 110.218907 -213.801829
477.00 -2931209.624827 -4736233.655327 3101211.571804 37.337078 107.565267 -199.359253
478.00 -2931171.786718 -4736127.710364 3101019.240218 38.281165 104.126067 -185.393420
479.00 -2931133.222388 -4736025.634777 3100840.654848 38.780112 99.978312 -171.549012
480.00 -2931094.167362 -4735927.511680 3100675.941467 39.264212 96.172399 -158.122880
481.00 -2931054.849733 -4735833.374303 3100524.037190 39.298322 92.149401 -145.812740
482.00 -2931015.752477 -4735743.153794 3100383.927556 38.873882 88.229807 -134.676431
483.00 -2930977.148693 -4735657.177721 3100254.737276 38.292452 83.735250 -123.686930
484.00 -2930939.340661 -4735575.784989 3100136.419898 37.271504 78.996973 -113.110607
485.00 -2930902.647946 -4735499.123389 3100028.139025 35.973873 74.077886 -103.127298
486.00 -2930867.369007 -4735427.679129 3099930.152683 34.592467 68.734237 -92.967584
487.00 -2930833.609883 -4735361.773766 3099842.249749 32.823860 63.152171 -82.708230
488.00 -2930801.776351 -4735301.355949 3099764.785347 30.990803 57.875673 -72.677146
489.00 -2930771.585402 -4735245.883195 3099696.544248 29.252845 53.065656 -63.758366
490.00 -2930743.568088 -4735195.498857 3099637.459203 26.627857 47.368046 -54.169781
491.00 -2930718.639360 -4735152.088093 3099588.881301 23.322048 39.502453 -43.247435
492.00 -2930696.947473 -4735115.958047 3099550.284695 20.022570 32.804526 -33.984844
493.00 -2930678.525406 -4735086.399519 3099520.655259 16.922423 26.432311 -25.703834
494.00 -2930662.668214 -4735062.280921 3099497.863085 14.613610 21.930242 -19.919486
495.00 -2930649.746942 -4735042.608363 3099480.999905 11.165788 17.182955 -13.785981
496.00 -2930640.229055 -4735028.102237 3099469.806601 7.899038 11.858014 -8.842388
497.00 -2930634.048630 -4735018.838653 3099462.995516 4.478077 6.741959 -4.933553
498.00 -2930631.110225 -4735014.369957 3099459.730574 1.921483 3.062742 -2.239464
499.00 -2930629.768607 -4735012.507652 3099457.974146 0.456309 -0.070238 -0.895263
500.00 -2930629.046548 -4735012.225986 3099456.777572 1.165119 1.068485 -1.656644
501.00 -2930628.576962 -4735012.186720 3099455.894180 -0.086003 -0.802616 -0.265022
502.00 -2930628.477494 -4735012.653192 3099455.455589 0.427867 0.122502 -0.753766
503.00 -2930628.079789 -4735012.459100 3099454.799338 0.156656 -0.070438 -0.331013
504.00 -2930628.097062 -4735012.727651 3099454.701069 -0.048280 -0.251895 -0.026551
505.00 -2930628.092085 -4735012.833127 3099454.650349 -0.004930 -0.063214 -0.009765
506.00 -2930628.200826 -4735013.028341 3099454.769011 -0.193645 -0.313143 0.218711
507.00 -2930628.396160 -4735013.348137 3099454.986067 -0.175984 -0.299375 0.188863
508.00 -2930628.567109 -4735013.659932 3099455.155669 -0.177334 -0.347250 0.160122