#Unix T+0 Time (s)
1786845045.00

# Delta T+ Time (s), ECEF Target Position (m), ECEF Target Velocity (m/s)
0.00 -2675270.572602 -4521717.790292 3604438.882826 -0.000000 0.000000 0.000000
1.00 -2675271.155935 -4521718.780245 3604439.673678 -1.188251 -2.015834 1.611703
2.00 -2675273.012162 -4521721.924186 3604442.192409 -2.551998 -4.316464 3.464160
3.00 -2675276.325962 -4521727.519862 3604446.692428 -4.088443 -6.895120 5.553932
4.00 -2675281.206254 -4521735.742263 3604453.324221 -5.680618 -9.564341 7.721490
5.00 -2675287.707541 -4521746.683621 3604462.163252 -7.333856 -12.339151 9.972908
6.00 -2675295.899485 -4521760.462808 3604473.304010 -9.063479 -15.241233 12.326224
7.00 -2675305.855460 -4521777.198841 3604486.842147 -10.855347 -18.241695 14.758612
8.00 -2675317.625526 -4521796.970238 3604502.840528 -12.690984 -21.311375 17.246348
9.00 -2675331.248434 -4521819.840725 3604521.349808 -14.559310 -24.437767 19.778523
10.00 -2675346.757694 -4521845.869083 3604542.415867 -16.464810 -27.628015 22.360673
11.00 -2675364.188949 -4521875.113628 3604566.084537 -18.404997 -30.871297 24.985868
12.00 -2675383.580267 -4521907.622795 3604592.405182 -20.384362 -34.155024 27.665074
13.00 -2675404.965156 -4521943.447489 3604621.421590 -22.386655 -37.512849 30.364917
14.00 -2675428.352177 -4521982.697226 3604653.118779 -24.387065 -41.017276 33.020169
15.00 -2675453.734892 -4522025.538683 3604687.436269 -26.376206 -44.694245 35.602561
16.00 -2675481.101875 -4522072.142733 3604724.301237 -28.357065 -48.542937 38.117799
17.00 -2675510.445601 -4522122.677974 3604763.650025 -30.329454 -52.555342 40.570251
18.00 -2675541.759464 -4522177.309069 3604805.422685 -32.297926 -56.734872 42.966179
19.00 -2675575.037392 -4522236.196694 3604849.559663 -34.257200 -61.067102 45.298061
20.00 -2675610.271873 -4522299.496474 3604895.998787 -36.210775 -65.559396 47.570379
21.00 -2675647.456952 -4522367.370409 3604944.680743 -38.158706 -70.216884 49.784317
22.00 -2675686.582124 -4522439.976721 3604995.541967 -40.090335 -75.023274 51.928691
23.00 -2675727.633772 -4522517.468958 3605048.517648 -42.010241 -79.985401 54.011707
24.00 -2675770.599980 -4522600.001555 3605103.547995 -43.920639 -85.106765 56.040503
25.00 -2675815.470548 -4522687.734080 3605160.580346 -45.816838 -90.382290 58.013821
26.00 -2675862.229594 -4522780.820530 3605219.559700 -47.698110 -95.814988 59.935459
27.00 -2675910.864787 -4522879.418957 3605280.435405 -49.569491 -101.404966 61.805511
28.00 -2675961.366466 -4522983.683993 3605343.154788 -51.432232 -107.150931 63.624990
29.00 -2676013.725122 -4523093.771410 3605407.667471 -53.284163 -113.051723 65.392519
30.00 -2676067.930060 -4523209.839618 3605473.922035 -55.123436 -119.111146 67.107721
31.00 -2676123.968538 -4523332.047221 3605541.865069 -56.953055 -125.332456 68.770317
32.00 -2676181.833758 -4523460.558857 3605611.446198 -58.776313 -131.719061 70.384393
33.00 -2676241.518696 -4523595.542021 3605682.618443 -60.590612 -138.272606 71.950421
34.00 -2676303.010219 -4523737.158687 3605755.330417 -62.390078 -144.988842 73.465924
35.00 -2676366.294922 -4523885.574715 3605829.533337 -64.177880 -151.871029 74.930450
36.00 -2676431.362648 -4524040.956188 3605905.169565 -65.957032 -158.922731 76.331240
37.00 -2676498.208743 -4524203.479101 3605982.169080 -67.735911 -166.152647 77.652235
38.00 -2676566.839698 -4524373.325305 3606060.442632 -69.529796 -173.572270 78.878423
39.00 -2676637.274816 -4524550.678730 3606139.886018 -71.346289 -181.165576 79.988100
40.00 -2676709.545733 -4524735.717864 3606220.374354 -73.204036 -188.946057 80.965720
41.00 -2676783.700253 -4524928.629453 3606301.765058 -75.115914 -196.908478 81.788704
42.00 -2676859.799024 -4525129.598171 3606383.896092 -77.091449 -205.061361 82.445172
43.00 -2676937.901092 -4525338.814875 3606466.597572 -79.120557 -213.400343 82.927525
44.00 -2677018.059055 -4525556.460454 3606549.692209 -81.204686 -221.920303 83.231656
45.00 -2677100.331514 -4525782.714812 3606633.000902 -83.350853 -230.616456 83.355624
46.00 -2677184.779275 -4526017.745743 3606716.342751 -85.552050 -239.472222 83.297957
47.00 -2677271.448330 -4526261.715097 3606799.537742 -87.793185 -248.497067 83.064446
48.00 -2677360.377042 -4526514.792992 3606882.417422 -90.066911 -257.677987 82.666995
49.00 -2677451.585251 -4526777.104782 3606964.815685 -92.352166 -266.965750 82.102505
50.00 -2677545.025837 -4527048.613689 3607046.521395 -94.347321 -275.603107 81.136348
51.00 -2677639.856902 -4527327.257097 3607126.718209 -95.195416 -281.391503 79.159958
52.00 -2677735.323956 -4527611.189242 3607204.771465 -95.726270 -286.457514 76.935043
53.00 -2677831.287892 -4527900.156487 3607280.542563 -96.192035 -291.478269 74.572239
54.00 -2677927.692793 -4528194.164025 3607353.846745 -96.611123 -296.548848 72.005952
55.00 -2678024.498479 -4528493.274593 3607424.508016 -96.996277 -301.683470 69.298079
56.00 -2678121.712894 -4528797.646444 3607492.428923 -97.553006 -307.413699 66.601372
57.00 -2678219.967316 -4529109.160108 3607557.887258 -99.067528 -315.959252 64.345062
58.00 -2678319.900900 -4529429.786295 3607621.065153 -100.803352 -325.341197 61.972655
59.00 -2678421.587171 -4529759.948621 3607681.779810 -102.574433 -335.028547 59.436968
60.00 -2678525.058182 -4530099.915949 3607739.899637 -104.368433 -344.931939 56.779672
61.00 -2678630.331139 -4530449.886092 3607795.285516 -106.182969 -355.055730 53.962234
62.00 -2678737.422199 -4530810.088043 3607847.754018 -107.989299 -365.355206 50.937358
63.00 -2678846.286285 -4531180.601039 3607897.087810 -109.732261 -375.687934 47.698412
64.00 -2678956.891963 -4531561.542458 3607943.088842 -111.480849 -386.227181 44.271208
65.00 -2679069.254013 -4531953.127012 3607985.564684 -113.248459 -396.984580 40.649240
66.00 -2679183.393936 -4532355.581122 3608024.321935 -115.032326 -407.953608 36.832622
67.00 -2679299.311962 -4532769.069096 3608059.162439 -116.798784 -419.035514 32.813554
68.00 -2679416.981414 -4533193.676638 3608089.877686 -118.537756 -430.201023 28.580101
69.00 -2679536.389170 -4533629.542365 3608116.251105 -120.282710 -441.583332 24.131015
70.00 -2679657.552613 -4534076.935204 3608138.064520 -122.043178 -453.235999 19.455278
71.00 -2679780.460935 -4534536.050689 3608155.081293 -123.764191 -465.013342 14.538806
72.00 -2679905.063993 -4535007.006533 3608167.063197 -125.433936 -476.926089 9.384913
73.00 -2680031.310467 -4535489.963843 3608173.770020 -127.050914 -489.031203 3.988813
74.00 -2680159.141648 -4535985.127290 3608174.963349 -128.603615 -501.341763 -1.639065
75.00 -2680288.499451 -4536492.745957 3608170.418118 -130.099145 -513.941649 -7.488044
76.00 -2680419.313613 -4537013.088337 3608159.913471 -131.518161 -526.778454 -13.558274
77.00 -2680551.505558 -4537546.333346 3608143.227047 -132.849017 -539.718090 -19.852205
78.00 -2680684.984910 -4538092.555147 3608120.131945 -134.101597 -552.754921 -26.377854
79.00 -2680819.697157 -4538651.921992 3608090.391970 -135.314189 -566.014453 -33.141493
80.00 -2680955.596518 -4539224.660739 3608053.770859 -136.474272 -579.494168 -40.139216
81.00 -2681092.632687 -4539811.007702 3608010.033664 -137.590387 -593.253743 -47.375117
82.00 -2681230.759760 -4540411.267235 3607958.940013 -138.656116 -607.314357 -54.852147
83.00 -2681369.927544 -4541025.721883 3607900.250537 -139.666749 -621.628134 -62.565086
84.00 -2681510.056762 -4541654.553681 3607833.737076 -140.574781 -636.056932 -70.500779
85.00 -2681651.044733 -4542297.885272 3607759.170118 -141.385819 -650.635512 -78.672887
86.00 -2681792.812210 -4542955.933516 3607676.305688 -142.143520 -665.516689 -87.098519
87.00 -2681935.319900 -4543629.013777 3607584.888621 -142.862747 -680.681924 -95.776501
88.00 -2682078.517013 -4544317.375540 3607484.668867 -143.521396 -696.081264 -104.706471
89.00 -2682222.338540 -4545021.237311 3607375.390142 -144.107580 -711.670437 -113.893822
90.00 -2682366.703653 -4545740.780335 3607256.794206 -144.608438 -727.444422 -123.340827
91.00 -2682511.527653 -4546476.172485 3607128.625827 -145.027003 -743.371048 -133.037923
92.00 -2682656.733812 -4547227.580338 3606990.635529 -145.377165 -759.483192 -142.986730
93.00 -2682802.265883 -4547995.198976 3606842.564567 -145.676486 -775.779365 -153.199912
94.00 -2682948.060738 -4548779.200100 3606684.134249 -145.905069 -792.262447 -163.708094
95.00 -2683094.079961 -4549579.782057 3606515.102598 -146.145937 -808.930065 -174.354049
96.00 -2683240.387597 -4550397.135620 3606335.447098 -146.488993 -825.830100 -184.949239
97.00 -2683387.096712 -4551231.579633 3606145.196721 -146.943229 -843.116250 -195.559912
98.00 -2683534.296110 -4552083.473076 3605944.302368 -147.465421 -860.721167 -206.243381
99.00 -2683682.042156 -4552953.093862 3605732.688011 -148.030877 -878.538448 -216.992209
100.00 -2683830.367883 -4553840.585032 3605510.302431 -148.627883 -896.470061 -227.790067
101.00 -2683979.313881 -4554746.091553 3605277.079483 -149.273765 -914.586652 -238.674642
102.00 -2684128.940477 -4555669.896282 3605032.904188 -149.988615 -933.077709 -249.697496
103.00 -2684279.305274 -4556612.330194 3604777.646782 -150.746779 -951.827456 -260.835180
104.00 -2684430.441425 -4557573.606859 3604511.200058 -151.528797 -970.752117 -272.076209
105.00 -2684582.379755 -4558553.948352 3604233.442215 -152.356677 -989.996931 -283.468014
106.00 -2684735.166841 -4559553.711309 3603944.211422 -153.221435 -1009.576187 -295.018399
107.00 -2684888.829600 -4560573.178920 3603643.359362 -154.107086 -1029.393116 -306.707503
108.00 -2685043.384072 -4561612.556516 3603330.755876 -155.001636 -1049.384998 -318.518200
109.00 -2685198.836475 -4562672.010215 3603006.280775 -155.907466 -1069.567249 -330.457163
110.00 -2685355.209146 -4563751.796956 3602669.787774 -156.843591 -1090.066848 -342.556792
111.00 -2685512.535946 -4564852.258138 3602321.113687 -157.814102 -1110.897368 -354.814360
112.00 -2685670.845507 -4565973.676348 3601960.112922 -158.812167 -1131.999212 -367.215270
113.00 -2685830.177635 -4567116.385747 3601586.624023 -159.858133 -1153.469384 -379.788074
114.00 -2685990.569270 -4568280.689314 3601200.494060 -160.929594 -1175.181147 -392.494528
115.00 -2686152.049961 -4569466.848139 3600801.585193 -162.038035 -1197.182174 -405.347144
116.00 -2686314.657611 -4570675.144268 3600389.751605 -163.186488 -1219.476119 -418.350040
117.00 -2686478.442867 -4571905.931333 3599964.824726 -164.390689 -1242.142743 -431.527981
118.00 -2686643.452209 -4573159.522021 3599526.647565 -165.636151 -1265.098306 -444.853819
119.00 -2686809.728722 -4574436.224253 3599075.068145 -166.924368 -1288.353350 -458.329192
120.00 -2686977.318160 -4575736.328442 3598609.939850 -168.262129 -1311.901102 -471.951833
121.00 -2687146.264110 -4577060.095596 3598131.120070 -169.636467 -1335.676823 -485.712486
122.00 -2687316.603161 -4578407.767926 3597638.466730 -171.047946 -1359.714003 -499.618970
123.00 -2687488.375550 -4579779.626134 3597131.829837 -172.505731 -1384.057919 -513.681748
124.00 -2687661.632241 -4581175.992397 3596611.052027 -174.018637 -1408.741287 -527.902054
125.00 -2687836.445882 -4582597.297351 3596075.953669 -175.621309 -1433.933361 -542.322592
126.00 -2688012.892942 -4584043.936487 3595526.365151 -177.280830 -1459.378619 -556.874132
127.00 -2688191.029434 -4585516.159043 3594962.152817 -179.001308 -1485.110724 -571.575885
128.00 -2688370.915720 -4587014.260171 3594383.162057 -180.784466 -1511.156697 -586.427947
129.00 -2688552.618463 -4588538.583465 3593789.248375 -182.623574 -1537.558869 -601.457188
130.00 -2688736.141564 -4590089.572323 3593180.013096 -184.392546 -1564.501935 -617.173515
131.00 -2688921.315081 -4591667.697907 3592554.543868 -185.902635 -1591.780800 -633.946513
132.00 -2689107.837678 -4593273.128619 3591911.791459 -187.088056 -1619.067695 -651.712170
133.00 -2689295.387511 -4594905.836737 3591250.819940 -187.961901 -1646.359770 -670.378488
134.00 -2689483.680261 -4596565.966463 3590570.706128 -188.586982 -1673.976342 -690.017096
135.00 -2689672.458593 -4598253.675326 3589870.576075 -188.885543 -1701.094644 -710.213124
136.00 -2689861.330396 -4599967.785502 3589150.233090 -188.820311 -1727.113594 -730.559449
137.00 -2690050.031252 -4601707.941134 3588409.265336 -188.547562 -1753.208763 -751.464569
138.00 -2690238.362681 -4603474.216127 3587647.131827 -188.085991 -1779.357184 -772.893042
139.00 -2690426.145464 -4605266.724045 3586863.276457 -187.450644 -1805.699299 -794.921446
140.00 -2690613.208319 -4607085.659621 3586057.113898 -186.646823 -1832.152903 -817.458655
141.00 -2690799.358462 -4608930.619705 3585228.470363 -185.625295 -1857.626785 -839.787293
142.00 -2690984.443802 -4610800.881871 3584377.538643 -184.551460 -1882.934862 -862.082784
143.00 -2691168.493044 -4612696.634328 3583504.290701 -183.571462 -1908.662326 -884.413894
144.00 -2691351.651047 -4614618.436325 3582608.704533 -182.780767 -1935.062861 -906.760151
145.00 -2691534.116902 -4616566.880421 3581690.819736 -182.149805 -1961.558877 -928.830248
146.00 -2691715.900974 -4618540.623735 3580751.576370 -181.367031 -1985.274842 -949.310746
147.00 -2691896.240330 -4620531.036691 3579795.362325 -178.880375 -1991.108725 -960.940392
148.00 -2692073.273814 -4622518.811614 3578831.680605 -175.175237 -1984.329289 -966.367794
149.00 -2692246.589767 -4624499.682658 3577862.634346 -171.456666 -1977.413256 -971.724161
150.00 -2692417.163680 -4626483.943522 3576883.097938 -167.825333 -1971.437864 -977.555069
151.00 -2692583.137294 -4628451.996410 3575902.832336 -164.118143 -1964.628819 -982.955915
152.00 -2692745.396722 -4630413.164102 3574917.205998 -160.400822 -1957.707086 -988.296300
153.00 -2692903.939278 -4632367.411506 3573926.240670 -156.684285 -1950.788256 -993.633883
154.00 -2693058.765613 -4634314.741444 3572929.939191 -152.968478 -1943.872048 -998.968587
155.00 -2693209.876538 -4636255.156334 3571928.304489 -149.253349 -1936.958177 -1004.300313
156.00 -2693357.273291 -4638188.665912 3570921.335838 -145.552747 -1930.196216 -1009.704135
157.00 -2693501.208602 -4640117.862123 3569907.741938 -142.377471 -1928.734662 -1017.747530
158.00 -2693642.050793 -4642046.220993 3568885.806222 -139.312995 -1928.000231 -1026.130120
159.00 -2693779.850646 -4643973.968575 3567855.426930 -136.293391 -1927.556271 -1034.662677
160.00 -2693914.633968 -4645901.381427 3566816.443825 -133.266507 -1927.277799 -1043.315167
161.00 -2694046.369056 -4647828.522420 3565768.782485 -130.197846 -1927.007537 -1052.015200
162.00 -2694175.016241 -4649755.386143 3564712.409517 -127.094259 -1926.727255 -1060.738704
163.00 -2694300.556045 -4651681.966199 3563647.306873 -123.987647 -1926.438984 -1069.469635
164.00 -2694422.999478 -4653608.269114 3562573.467205 -120.904323 -1926.179129 -1078.216541
165.00 -2694542.372249 -4655534.342719 3561490.863466 -117.842420 -1925.967559 -1086.990180
166.00 -2694658.684502 -4657460.212213 3560399.480498 -114.779311 -1925.767018 -1095.774640
167.00 -2694771.928352 -4659385.905819 3559299.295063 -111.706597 -1925.614800 -1104.594948
168.00 -2694882.097336 -4661311.452240 3558190.281366 -108.633856 -1925.487732 -1113.438155
169.00 -2694989.198056 -4663236.878168 3557072.418434 -105.568435 -1925.363234 -1122.287242
170.00 -2695093.240218 -4665162.185739 3555945.702948 -102.518057 -1925.253139 -1131.145729
171.00 -2695194.236743 -4667087.388081 3554810.121825 -99.477744 -1925.162829 -1140.023284
172.00 -2695292.197831 -4669012.516284 3553665.650058 -96.445148 -1925.113838 -1148.930912
173.00 -2695387.126695 -4670937.643774 3552512.243871 -93.412658 -1925.148323 -1157.887874
174.00 -2695479.024192 -4672862.831878 3551349.864235 -90.382477 -1925.222563 -1166.868394
175.00 -2695567.893480 -4674788.089301 3550178.504694 -87.356847 -1925.296283 -1175.855074
176.00 -2695653.743509 -4676713.429916 3548998.147890 -84.346487 -1925.388561 -1184.861400
177.00 -2695736.589319 -4678638.872631 3547808.778829 -81.344737 -1925.489510 -1193.873065
178.00 -2695816.432720 -4680564.398322 3546610.405388 -78.342513 -1925.580290 -1202.884477
179.00 -2695893.275613 -4682490.036826 3545403.003824 -75.345150 -1925.709414 -1211.926580
180.00 -2695967.106688 -4684415.618768 3544186.656273 -72.379154 -1926.055875 -1221.095902
181.00 -2696038.009705 -4686341.871504 3542960.961235 -69.429250 -1926.449578 -1230.292946
182.00 -2696105.968170 -4688268.535095 3541726.062245 -66.486784 -1926.883885 -1239.507025
183.00 -2696170.981380 -4690195.638505 3540481.950847 -63.539152 -1927.314661 -1248.710054
184.00 -2696233.048764 -4692123.180086 3539228.629660 -60.593825 -1927.751793 -1257.926065
185.00 -2696292.175198 -4694051.179310 3537966.073230 -57.658887 -1928.244343 -1267.188460
186.00 -2696348.367491 -4695979.660923 3536694.253634 -54.726338 -1928.724271 -1276.456105
187.00 -2696401.628451 -4697908.621044 3535413.163163 -51.797380 -1929.198168 -1285.727900
188.00 -2696451.965563 -4699838.067568 3534122.792429 -48.878518 -1929.702249 -1295.017317
189.00 -2696499.386706 -4701768.028120 3532823.128746 -45.962878 -1930.221807 -1304.308918
190.00 -2696543.888927 -4703698.513507 3531514.175045 -43.041188 -1930.770403 -1313.610016
191.00 -2696585.465025 -4705629.561402 3530195.910026 -40.110870 -1931.323153 -1322.920839
192.00 -2696624.117213 -4707561.172966 3528868.319686 -37.195635 -1931.899371 -1332.263633
193.00 -2696659.863785 -4709493.354845 3527531.377658 -34.301794 -1932.464754 -1341.622828
194.00 -2696692.727457 -4711426.108574 3526185.068210 -31.424924 -1933.032434 -1350.991085
195.00 -2696722.712886 -4713359.431333 3524829.389208 -28.546358 -1933.626074 -1360.374046
196.00 -2696749.815171 -4715293.355279 3523464.326501 -25.654299 -1934.214816 -1369.745327
197.00 -2696774.017570 -4717227.872311 3522089.893396 -22.751199 -1934.830670 -1379.127142
198.00 -2696795.317411 -4719163.020718 3520706.066671 -19.849184 -1935.464090 -1388.529082
199.00 -2696813.723607 -4721098.803348 3519312.826425 -16.968262 -1936.102020 -1397.957207
200.00 -2696829.259564 -4723035.229526 3517910.139810 -14.104722 -1936.749364 -1407.419413
201.00 -2696841.936512 -4724972.315844 3516497.977695 -11.248661 -1937.427592 -1416.908879
202.00 -2696851.755691 -4726910.096800 3515076.315051 -8.385503 -1938.128467 -1426.413068
203.00 -2696858.700091 -4728848.577787 3513645.149932 -5.501506 -1938.837743 -1435.916007
204.00 -2696862.756141 -4730787.772556 3512204.483001 -2.612249 -1939.565195 -1445.423962
205.00 -2696863.927899 -4732727.706631 3510754.298373 0.266208 -1940.307498 -1454.951764
206.00 -2696862.229675 -4734668.373544 3509294.576978 3.127957 -1941.009446 -1464.487192
207.00 -2696857.680495 -4736609.749715 3507825.302370 5.966872 -1941.751490 -1474.066808
208.00 -2696850.295827 -4738551.861498 3506346.454147 8.803196 -1942.486826 -1483.636309
209.00 -2696840.070310 -4740494.741507 3504858.021766 11.651575 -1943.268867 -1493.225613
210.00 -2696826.987158 -4742438.408482 3503359.997043 14.517839 -1944.061832 -1502.823738
211.00 -2696811.036028 -4744382.876979 3501852.360211 17.382150 -1944.872456 -1512.453781
212.00 -2696792.232689 -4746328.172401 3500335.066518 20.223519 -1945.694795 -1522.124979
213.00 -2696770.598118 -4748274.291577 3498808.088364 23.044401 -1946.540840 -1531.830834
214.00 -2696746.143042 -4750221.242375 3497271.411483 25.867508 -1947.368504 -1541.525184
215.00 -2696718.857447 -4752169.052565 3495725.029385 28.707767 -1948.247156 -1551.234541
216.00 -2696688.725353 -4754117.748215 3494168.937838 31.556638 -1949.154364 -1560.953957
217.00 -2696655.748570 -4756067.370653 3492603.112063 34.394109 -1950.090998 -1570.703423
218.00 -2696619.945702 -4758017.932291 3491027.517381 37.210247 -1951.025523 -1580.486840
219.00 -2696581.330134 -4759969.417674 3489442.131492 40.021045 -1951.947212 -1590.287231
220.00 -2696539.905748 -4761921.836389 3487846.941167 42.829357 -1952.901137 -1600.097310
221.00 -2696495.668299 -4763875.217392 3486241.942464 45.647668 -1953.866567 -1609.902614
222.00 -2696448.609348 -4765829.586439 3484627.125977 48.470135 -1954.869799 -1619.732955
223.00 -2696398.727830 -4767784.946121 3483002.476864 51.289786 -1955.858845 -1629.574568
224.00 -2696346.034311 -4769741.320702 3481367.956879 54.096632 -1956.895588 -1639.472100
225.00 -2696290.534747 -4771698.716460 3479723.541099 56.900692 -1957.908925 -1649.367928
226.00 -2696232.236242 -4773657.142392 3478069.218221 59.695765 -1958.942032 -1659.277461
227.00 -2696171.145692 -4775616.634888 3476404.966910 62.484813 -1960.057222 -1669.233304
228.00 -2696107.263474 -4777577.241820 3474730.757635 65.280012 -1961.160548 -1679.190118
229.00 -2696040.585080 -4779538.955931 3473046.579754 68.078075 -1962.260857 -1689.165508
230.00 -2695971.108758 -4781501.776451 3471352.413478 70.874539 -1963.379109 -1699.167696
231.00 -2695898.837232 -4783465.717423 3469648.238483 73.667383 -1964.501428 -1709.182509
232.00 -2695823.779550 -4785430.787286 3467934.043225 76.446858 -1965.636441 -1719.205114
233.00 -2695745.945543 -4787396.994934 3466209.822199 79.220303 -1966.778495 -1729.237717
234.00 -2695665.339667 -4789364.347744 3464475.563088 81.990131 -1967.941820 -1739.290980
235.00 -2695581.962055 -4791332.893658 3462731.223970 84.764712 -1969.153398 -1749.393208
236.00 -2695495.805711 -4793302.647761 3460976.773489 87.549007 -1970.366382 -1759.518488
237.00 -2695406.862667 -4795273.617012 3459212.186174 90.335065 -1971.582264 -1769.662605
238.00 -2695315.143412 -4797245.805955 3457437.454620 93.100465 -1972.797901 -1779.800039
239.00 -2695220.675373 -4799219.230236 3455652.578401 95.831991 -1974.057732 -1789.955271
240.00 -2695123.484545 -4801193.936795 3453857.531672 98.549882 -1975.367395 -1800.145978
241.00 -2695023.569457 -4803169.979670 3452052.272288 101.285682 -1976.713310 -1810.375943
242.00 -2694920.899598 -4805147.344273 3450236.779496 104.055467 -1978.029234 -1820.623765
243.00 -2694815.457167 -4807126.044352 3448411.014729 106.828547 -1979.366771 -1830.906695
244.00 -2694707.253003 -4809106.096787 3446574.954736 109.573809 -1980.743712 -1841.216287
245.00 -2694596.317838 -4811087.519490 3444728.592382 112.289491 -1982.129207 -1851.523928
246.00 -2694482.677606 -4813070.352727 3442871.910681 114.991856 -1983.542465 -1861.845138
247.00 -2694366.328912 -4815054.606803 3441004.893409 117.711302 -1984.952149 -1872.186508
248.00 -2694247.248915 -4817040.273944 3439127.514789 120.452285 -1986.370164 -1882.566675
249.00 -2694125.421305 -4819027.344403 3437239.756753 123.202448 -1987.769612 -1892.950171
250.00 -2694000.847187 -4821015.808575 3435341.616259 125.941394 -1989.173018 -1903.340970
251.00 -2693873.548045 -4823005.700555 3433433.070158 128.655438 -1990.611880 -1913.750745
252.00 -2693743.539392 -4824997.045960 3431514.107752 131.357922 -1992.088932 -1924.180926
253.00 -2693610.834132 -4826989.888577 3429584.695465 134.053574 -1993.598469 -1934.650282
254.00 -2693475.429678 -4828984.250357 3427644.795781 136.759527 -1995.133956 -1945.156887
255.00 -2693337.304452 -4830980.149591 3425694.375770 139.494105 -1996.645948 -1955.675833
256.00 -2693196.441947 -4832977.567195 3423733.421377 142.227217 -1998.194046 -1966.236760
257.00 -2693052.858026 -4834976.540853 3421761.907695 144.934284 -1999.767811 -1976.798316
258.00 -2692906.585502 -4836977.117469 3419779.815592 147.605662 -2001.386158 -1987.389517
259.00 -2692757.649989 -4838979.314684 3417787.121784 150.266595 -2003.008130 -1998.003045
260.00 -2692606.047287 -4840983.124661 3415783.805723 152.942248 -2004.622255 -2008.639969
261.00 -2692451.756044 -4842988.555696 3413769.836144 155.646529 -2006.236324 -2019.297419
262.00 -2692294.751663 -4844995.628229 3411745.193090 158.363650 -2007.905340 -2029.984967
263.00 -2692135.033347 -4847004.375670 3409709.858142 161.068777 -2009.595714 -2040.689121
264.00 -2691972.626198 -4849014.827920 3407663.801973 163.740770 -2011.304237 -2051.424404
265.00 -2691807.559773 -4851026.998726 3405606.989187 166.391925 -2013.026437 -2062.198864
266.00 -2691639.839591 -4853040.880826 3403539.396576 169.053626 -2014.741065 -2072.989560
267.00 -2691469.441331 -4855056.493782 3401460.998176 171.746489 -2016.499235 -2083.817731
268.00 -2691296.339653 -4857073.865719 3399371.768962 174.457329 -2018.262411 -2094.654762
269.00 -2691120.530549 -4859093.011820 3397271.690279 177.156526 -2020.033836 -2105.509016
270.00 -2690942.038893 -4861113.953572 3395160.731553 179.822161 -2021.843112 -2116.408842
271.00 -2690760.898404 -4863136.717174 3393038.848727 182.461861 -2023.674440 -2127.353097
272.00 -2690577.110031 -4865161.302561 3390906.014722 185.120595 -2025.493824 -2138.315305
273.00 -2690390.647049 -4867187.716960 3388762.206858 187.811018 -2027.342877 -2149.309242
274.00 -2690201.479570 -4869215.972911 3386607.406657 190.524136 -2029.179972 -2160.297395
275.00 -2690009.605503 -4871246.093286 3384441.599001 193.220552 -2031.050715 -2171.312839
276.00 -2689815.051757 -4873278.099398 3382264.758226 195.883671 -2032.964763 -2182.375552
277.00 -2689617.846885 -4875312.037460 3380076.828928 198.522383 -2034.915812 -2193.489819
278.00 -2689418.000540 -4877347.906046 3377877.786246 201.173336 -2036.821374 -2204.600508
279.00 -2689215.490085 -4879385.696304 3375667.612839 203.855832 -2038.756233 -2215.744929
280.00 -2689010.280194 -4881425.430225 3373446.286229 206.566787 -2040.704952 -2226.901453
281.00 -2688802.360113 -4883467.130147 3371213.795637 209.268624 -2042.701239 -2238.081112
282.00 -2688591.756319 -4885510.843397 3368970.122264 211.931113 -2044.738284 -2249.274408
283.00 -2688378.507953 -4887556.598857 3366715.245464 214.562282 -2046.780449 -2260.488802
284.00 -2688162.629785 -4889604.414059 3364449.123711 217.199238 -2048.848000 -2271.761355
285.00 -2687944.095100 -4891654.305117 3362171.703516 219.877370 -2050.928852 -2283.079559
286.00 -2687722.865155 -4893706.278078 3359882.957071 222.584411 -2053.025320 -2294.419209
287.00 -2687498.925839 -4895760.370264 3357582.854539 225.293804 -2055.144678 -2305.773559
288.00 -2687272.289084 -4897816.593728 3355271.395059 227.972988 -2057.301949 -2317.146752
289.00 -2687042.994095 -4899874.988317 3352948.544682 230.610591 -2059.486388 -2328.557087
290.00 -2686811.073004 -4901935.570921 3350614.262563 233.233659 -2061.681864 -2340.016333
291.00 -2686576.518347 -4903998.341856 3348268.507861 235.880104 -2063.878580 -2351.511155
292.00 -2686339.301839 -4906063.340393 3345911.226659 238.557663 -2066.129049 -2363.057752
293.00 -2686099.395123 -4908130.595547 3343542.400382 241.254420 -2068.399645 -2374.603884
294.00 -2685856.795536 -4910200.137304 3341162.023658 243.939325 -2070.701052 -2386.162874
295.00 -2685611.527958 -4912271.984595 3338770.079922 246.591584 -2072.990702 -2397.727116
296.00 -2685363.624802 -4914346.142771 3336366.535217 249.214740 -2075.328860 -2409.375351
297.00 -2685113.091451 -4916422.636028 3333951.312430 251.855759 -2077.653083 -2421.078388
298.00 -2684859.901109 -4918501.449090 3331524.367895 254.530180 -2079.989471 -2432.819261
299.00 -2684604.023394 -4920582.622558 3329085.678895 257.224797 -2082.371845 -2444.563824
300.00 -2684345.457904 -4922666.201293 3326635.243748 259.900110 -2084.787585 -2456.309892
301.00 -2684084.237666 -4924752.206970 3324173.046030 262.535368 -2087.209568 -2468.082690
302.00 -2683820.396707 -4926840.636713 3321699.048324 265.147505 -2089.657389 -2479.927888
303.00 -2683553.934214 -4928931.524883 3319213.173261 267.785892 -2092.114823 -2491.822875
304.00 -2683284.809406 -4931024.878608 3316715.386566 270.470691 -2094.596888 -2503.753907
305.00 -2683012.988468 -4933120.726018 3314205.658495 273.171568 -2097.112949 -2515.709930
306.00 -2682738.471728 -4935219.104769 3311683.968679 275.854972 -2099.651225 -2527.674341
307.00 -2682461.291073 -4937320.046926 3309150.290248 278.499353 -2102.231507 -2539.685157
308.00 -2682181.481309 -4939423.565569 3306604.588915 281.116432 -2104.813871 -2551.727972
309.00 -2681899.053984 -4941529.679223 3304046.819956 283.741805 -2107.426530 -2563.823408
310.00 -2681613.984385 -4943638.416075 3301476.934284 286.405491 -2110.040252 -2575.945414
311.00 -2681326.234924 -4945749.778916 3298894.906447 289.095291 -2112.691036 -2588.118666
312.00 -2681035.798143 -4947863.782296 3296300.701614 291.773051 -2115.323181 -2600.301190
313.00 -2680742.701931 -4949980.448652 3293694.281377 294.413292 -2118.012581 -2612.544782
314.00 -2680446.978779 -4952099.801899 3291075.612151 297.029947 -2120.704986 -2624.802516
315.00 -2680148.637114 -4954221.871123 3288444.664334 299.657840 -2123.429166 -2637.089448
316.00 -2679847.649684 -4956346.666156 3285801.422878 302.323608 -2126.167739 -2649.402620
317.00 -2679543.979639 -4958474.231801 3283145.825766 305.020174 -2128.965537 -2661.801541
318.00 -2679237.612294 -4960604.602991 3280477.802308 307.710147 -2131.775145 -2674.253349
319.00 -2678928.569221 -4962737.771895 3277797.315794 310.368986 -2134.582156 -2686.737254
320.00 -2678616.879993 -4964873.759082 3275104.327732 313.006990 -2137.402437 -2699.246164
321.00 -2678302.554167 -4967012.584052 3272398.826189 315.647243 -2140.260020 -2711.764739
322.00 -2677985.582313 -4969154.317377 3269680.765265 318.299416 -2143.207219 -2724.361980
323.00 -2677665.951727 -4971298.987330 3266950.097551 320.965290 -2146.134863 -2736.983340
324.00 -2677343.649635 -4973446.583371 3264206.782115 323.635953 -2149.063775 -2749.661157
325.00 -2677018.690909 -4975597.143728 3261450.742394 326.281506 -2152.045783 -2762.411068
326.00 -2676691.086786 -4977750.673788 3258681.964775 328.926230 -2155.024696 -2775.149469
327.00 -2676360.838821 -4979907.215094 3255900.426693 331.568665 -2158.056460 -2787.924477
328.00 -2676027.945237 -4982066.783790 3253106.114751 334.221342 -2161.098084 -2800.716814
329.00 -2675692.390582 -4984229.405667 3250298.981771 336.890273 -2164.139503 -2813.553647
330.00 -2675354.168523 -4986395.066023 3247478.979442 339.552440 -2167.188684 -2826.466216
331.00 -2675013.292486 -4988563.782404 3244646.032854 342.197194 -2170.243351 -2839.431308
332.00 -2674669.781071 -4990735.575514 3241800.100064 344.826273 -2173.357000 -2852.441212
333.00 -2674323.632069 -4992910.503493 3238941.154227 347.477949 -2176.503775 -2865.450667
334.00 -2673974.813813 -4995088.573391 3236069.210284 350.159853 -2179.672859 -2878.466819
335.00 -2673623.310799 -4997269.866770 3233184.195095 352.843176 -2182.924253 -2891.581896
336.00 -2673269.135283 -4999454.429970 3230286.015348 355.505296 -2186.188917 -2904.778307
337.00 -2672912.304864 -5001642.254988 3227374.605672 358.153504 -2189.476756 -2918.063086
338.00 -2672552.831125 -5003833.375403 3224449.885648 360.792823 -2192.775287 -2931.384963
339.00 -2672190.716810 -5006027.815075 3221511.835395 363.441564 -2196.117539 -2944.722570
340.00 -2671825.940213 -5008225.649417 3218560.411027 366.116320 -2199.543855 -2958.123424
341.00 -2671458.470817 -5010426.872594 3215595.599051 368.827433 -2202.896264 -2971.506014
342.00 -2671088.288045 -5012631.458698 3212617.362872 371.536062 -2206.272886 -2984.976376
343.00 -2670715.406056 -5014839.434491 3209625.618667 374.222595 -2209.679355 -2998.515943
344.00 -2670339.849510 -5017050.843902 3206620.303466 376.891799 -2213.151112 -3012.124841
345.00 -2669961.609695 -5019265.748782 3203601.361209 379.596340 -2216.659256 -3025.761470
346.00 -2669580.636071 -5021484.178419 3200568.762153 382.360859 -2220.186772 -3039.429327
347.00 -2669196.878828 -5023706.134109 3197522.482950 385.153646 -2223.735878 -3053.144972
348.00 -2668810.329747 -5025931.628350 3194462.471237 387.940416 -2227.249540 -3066.886834
349.00 -2668421.012847 -5028160.664867 3191388.656041 390.688438 -2230.824418 -3080.755352
350.00 -2668028.958779 -5030393.266772 3188300.960034 393.418900 -2234.395186 -3094.650593
351.00 -2667634.170038 -5032629.483296 3185199.337850 396.163887 -2238.040345 -3108.588605
352.00 -2667236.619439 -5034869.374607 3182083.766663 398.941663 -2241.754779 -3122.561721
353.00 -2666836.276678 -5037112.995229 3178954.207369 401.747988 -2245.492171 -3136.571218
354.00 -2666433.112892 -5039360.350540 3175810.606082 404.582849 -2249.247425 -3150.671498
355.00 -2666027.109262 -5041611.467104 3172652.847397 407.422843 -2252.978987 -3164.856753
356.00 -2665618.270100 -5043866.305954 3169480.870138 410.251414 -2256.717850 -3179.118317
357.00 -2665206.610852 -5046124.900761 3166294.616930 413.068932 -2260.482537 -3193.390534
358.00 -2664792.128319 -5048387.295484 3163094.081793 415.896791 -2264.336935 -3207.695384
359.00 -2664374.814183 -5050653.570963 3159879.238232 418.733680 -2268.221468 -3221.998344
360.00 -2663954.655489 -5052923.763032 3156650.041365 421.587258 -2272.150128 -3236.406277
361.00 -2663531.631331 -5055197.866361 3153406.386757 424.463354 -2276.077907 -3250.940838
362.00 -2663105.725540 -5057475.887167 3150148.161243 427.351136 -2279.963122 -3265.520823
363.00 -2662676.926513 -5059757.804215 3146875.333733 430.248856 -2283.871785 -3280.128521
364.00 -2662245.226126 -5062043.687041 3143587.871229 433.155208 -2287.903439 -3294.794878
365.00 -2661810.611180 -5064333.619738 3140285.740104 436.076922 -2291.961183 -3309.467512
366.00 -2661373.072958 -5066627.616698 3136968.908944 438.998598 -2296.044450 -3324.222732
367.00 -2660932.615457 -5068925.724735 3133637.241076 441.919260 -2300.171928 -3339.136485
368.00 -2660489.232173 -5071227.951601 3130290.610421 444.850472 -2304.270447 -3354.124500
369.00 -2660042.905323 -5073534.266459 3126928.987560 447.808731 -2308.381824 -3369.137805
370.00 -2659593.609234 -5075844.714735 3123552.352963 450.782255 -2312.566357 -3384.166158
371.00 -2659141.343808 -5078159.404339 3120160.660903 453.749857 -2316.815557 -3399.218596
372.00 -2658686.112592 -5080478.371464 3116753.882515 456.714195 -2321.112258 -3414.342395
373.00 -2658227.914574 -5082801.628602 3113331.939945 459.685648 -2325.398734 -3429.559824
374.00 -2657766.731098 -5085129.156574 3109894.737829 462.686291 -2329.672839 -3444.871583
375.00 -2657302.532275 -5087460.995200 3106442.159933 465.714112 -2334.012703 -3460.291603
376.00 -2656835.294410 -5089797.177838 3102974.167717 468.762847 -2338.365680 -3475.700212
377.00 -2656365.008511 -5092137.756688 3099490.746270 471.809508 -2342.799958 -3491.147933
378.00 -2655891.675526 -5094482.821925 3095991.826840 474.857817 -2347.333665 -3506.705810
379.00 -2655415.287016 -5096832.410677 3092477.319388 477.920610 -2351.844971 -3522.326512
380.00 -2654935.837463 -5099186.531673 3088947.123719 480.979124 -2356.392427 -3538.073468
381.00 -2654453.324369 -5101545.185213 3085401.158660 484.047451 -2360.943816 -3553.890210
382.00 -2653967.740262 -5103908.429002 3081839.333257 487.123471 -2365.540365 -3569.751829
383.00 -2653479.075366 -5106276.296042 3078261.625422 490.206772 -2370.204991 -3585.675568
384.00 -2652987.318729 -5108648.829147 3074667.982959 493.311019 -2374.875604 -3601.630662
385.00 -2652492.441819 -5111026.044280 3071058.344722 496.449152 -2379.548802 -3617.652495
386.00 -2651994.412805 -5113407.962028 3067432.624220 499.610980 -2384.269815 -3633.785469
387.00 -2651493.217563 -5115794.599381 3063790.737296 502.778571 -2389.018971 -3650.009128
388.00 -2650988.866708 -5118186.022930 3060132.570411 505.916320 -2393.837137 -3666.338414
389.00 -2650481.389708 -5120582.292278 3056458.034673 509.038794 -2398.701714 -3682.733225
390.00 -2649970.783732 -5122983.448665 3052767.084204 512.179623 -2403.606558 -3699.162612
391.00 -2649457.008129 -5125389.529427 3049059.689480 515.386031 -2408.562523 -3715.635841
392.00 -2648939.989623 -5127800.593912 3045335.782113 518.657967 -2413.560587 -3732.182282
393.00 -2648419.690855 -5130216.662097 3041595.284831 521.933915 -2418.570965 -3748.821951
394.00 -2647896.138224 -5132637.762237 3037838.072300 525.161990 -2423.623100 -3765.613588
395.00 -2647369.378546 -5135063.907890 3034064.033192 528.357589 -2428.697180 -3782.498961
396.00 -2646839.418204 -5137495.145398 3030273.080374 531.570151 -2433.787539 -3799.413334
397.00 -2646306.224001 -5139931.505815 3026465.193908 534.827189 -2438.959962 -3816.379918
398.00 -2645769.750418 -5142373.102563 3022640.291480 538.125968 -2444.251617 -3833.439084
399.00 -2645229.962472 -5144820.013768 3018798.293290 541.450638 -2449.579048 -3850.579584
400.00 -2644686.847226 -5147272.243574 3014939.118770 544.777419 -2454.890555 -3867.800439
401.00 -2644140.408969 -5149729.815595 3011062.628708 548.098000 -2460.268199 -3885.214452
402.00 -2643590.647423 -5152192.744421 3007168.693360 551.428114 -2465.590754 -3902.669785
403.00 -2643037.545431 -5154661.043175 3003257.229431 554.779707 -2471.022104 -3920.269039
404.00 -2642481.079535 -5157134.832281 2999328.129522 558.157683 -2476.554461 -3937.913691
405.00 -2641921.222690 -5159614.180352 2995381.384949 561.560069 -2482.161144 -3955.596299
406.00 -2641357.958716 -5162099.161863 2991416.911698 564.965208 -2487.816991 -3973.388320
407.00 -2640791.292746 -5164589.802520 2987434.559927 568.367471 -2493.452554 -3991.337286
408.00 -2640221.222168 -5167086.062314 2983434.198713 571.777431 -2499.078592 -4009.407585
409.00 -2639647.726534 -5169587.975217 2979415.727205 575.220239 -2504.772400 -4027.550318
410.00 -2639070.774270 -5172095.629823 2975379.106922 578.688934 -2510.548650 -4045.688468
411.00 -2638490.344402 -5174609.113778 2971324.320905 582.174004 -2516.413518 -4063.879758
412.00 -2637906.422061 -5177128.485733 2967251.287725 585.669743 -2522.315840 -4082.194668
413.00 -2637319.002186 -5179653.722348 2963159.892248 589.171951 -2528.180747 -4100.650709
414.00 -2636728.067406 -5182184.838635 2959049.947562 592.703177 -2534.043471 -4119.241382
415.00 -2636133.576480 -5184721.868449 2954921.339170 596.285393 -2540.028485 -4137.985337
416.00 -2635535.486484 -5187264.917881 2950773.962685 599.896953 -2546.098595 -4156.786787
417.00 -2634933.779734 -5189814.045518 2946607.798547 603.516774 -2552.183470 -4175.569496
418.00 -2634328.459239 -5192369.306935 2942422.779557 607.120989 -2558.328639 -4194.476044
419.00 -2633719.544639 -5194930.731708 2938218.770130 610.705633 -2564.492337 -4213.543862
420.00 -2633107.042840 -5197498.259742 2933995.664801 614.302181 -2570.562305 -4232.689278
421.00 -2632490.932551 -5200071.864760 2929753.356246 617.925940 -2576.641758 -4251.919594
422.00 -2631871.175719 -5202651.561580 2925491.827493 621.599223 -2582.784299 -4271.161312
423.00 -2631247.715445 -5205237.453269 2921211.032897 625.329132 -2589.029809 -4290.460774
424.00 -2630620.513883 -5207829.653029 2916910.861231 629.070737 -2595.358583 -4309.883679
425.00 -2629989.577529 -5210428.171584 2912591.217453 632.796049 -2601.693397 -4329.445652
426.00 -2629354.935542 -5213033.000218 2908251.960632 636.488226 -2607.980788 -4349.109945
427.00 -2628716.588452 -5215644.165904 2903892.924450 640.217900 -2614.365937 -4368.991402
428.00 -2628074.484204 -5218261.746693 2899513.964708 644.000692 -2620.826798 -4388.955589
429.00 -2627428.568648 -5220885.825154 2895115.024095 647.837108 -2627.366207 -4408.956960
430.00 -2626778.813658 -5223516.495999 2890696.033381 651.673177 -2633.972255 -4429.026995
431.00 -2626125.226997 -5226153.779359 2886256.915900 655.497530 -2640.578669 -4449.214657
432.00 -2625467.821692 -5228797.684932 2881797.525284 659.314190 -2647.228742 -4469.577302
433.00 -2624806.589572 -5231448.257965 2877317.695911 663.159087 -2653.929355 -4490.104151
434.00 -2624141.481902 -5234105.567851 2872817.278731 667.064212 -2660.686017 -4510.721230
435.00 -2623472.444275 -5236769.649316 2868296.226584 671.019338 -2667.512912 -4531.421727
436.00 -2622799.438600 -5239440.605901 2863754.416438 674.992184 -2674.417747 -4552.232336
437.00 -2622122.466401 -5242118.500632 2859191.701888 678.949940 -2681.386780 -4573.231686
438.00 -2621441.536527 -5244803.374737 2854607.911857 682.919341 -2688.373575 -4594.377894
439.00 -2620756.611548 -5247495.207646 2850002.961882 686.936866 -2695.304427 -4615.545478
440.00 -2620067.650938 -5250194.010143 2845376.777216 690.984940 -2702.294641 -4636.820130
441.00 -2619374.638131 -5252899.866169 2840729.250369 695.039461 -2709.426472 -4658.240158
442.00 -2618677.586199 -5255612.850880 2836060.316347 699.063354 -2716.560576 -4679.653595
443.00 -2617976.508306 -5258332.975296 2831369.941284 703.100256 -2723.728480 -4701.165719
444.00 -2617271.359859 -5261060.327669 2826657.908467 707.213286 -2730.992995 -4722.939515
445.00 -2616562.047566 -5263794.929067 2821924.059856 711.424347 -2738.194826 -4744.751944
446.00 -2615848.497739 -5266536.805219 2817168.278949 715.672655 -2745.565195 -4766.822048
447.00 -2615130.718991 -5269286.106086 2812390.368936 719.874463 -2753.045665 -4789.003842
448.00 -2614408.767886 -5272042.917968 2807590.257494 724.024333 -2760.607355 -4811.260864
449.00 -2613682.669790 -5274807.315591 2802767.809652 728.178875 -2768.180940 -4833.650551
450.00 -2612952.379106 -5277579.317399 2797922.840367 732.421388 -2775.816857 -4856.306497
451.00 -2612217.784783 -5280358.974757 2793055.143185 736.779959 -2783.501766 -4879.104722
452.00 -2611478.807788 -5283146.326694 2788164.612785 741.172328 -2791.172844 -4901.915491
453.00 -2610735.470160 -5285941.296179 2783251.367046 745.488476 -2798.772561 -4924.574663
454.00 -2609987.847458 -5288743.891782 2778315.438763 749.750652 -2806.443084 -4947.325144
455.00 -2609235.963225 -5291554.200759 2773356.650851 754.029386 -2814.178185 -4970.282067
456.00 -2608479.758576 -5294372.216981 2768374.850645 758.397497 -2821.860980 -4993.360479
457.00 -2607719.138595 -5297197.943250 2763369.864249 762.850500 -2829.592996 -5016.623463
458.00 -2606954.048154 -5300031.449162 2758341.551011 767.331496 -2837.425663 -5039.999289
459.00 -2606184.474712 -5302872.886535 2753289.763220 771.817428 -2845.476546 -5063.608568
460.00 -2605410.415424 -5305722.394935 2748214.325731 776.305285 -2853.535241 -5087.282089
461.00 -2604631.860224 -5308579.981788 2743115.114132 780.810769 -2861.651722 -5111.184536
462.00 -2603848.781918 -5311445.690755 2737991.917958 785.355464 -2869.801121 -5135.264950
463.00 -2603061.126253 -5314319.581322 2732844.550578 789.965470 -2877.985994 -5159.484593
464.00 -2602268.835812 -5317201.701019 2727672.893354 794.618800 -2886.252932 -5183.822285
465.00 -2601471.872505 -5320092.147993 2722476.848235 799.314720 -2894.671278 -5208.306078
466.00 -2600670.194427 -5322991.108175 2717256.184766 804.043899 -2903.271485 -5233.064980
467.00 -2599863.783054 -5325898.685980 2712010.687257 808.778168 -2911.884219 -5257.967895
468.00 -2599052.639316 -5328814.900376 2706740.162459 813.505987 -2920.538272 -5283.095795
469.00 -2598236.763053 -5331739.793690 2701444.419453 818.255179 -2929.282616 -5308.441004
470.00 -2597416.106043 -5334673.475948 2696123.275011 823.071146 -2938.123632 -5333.892390
471.00 -2596590.595249 -5337616.081907 2690776.588462 827.960744 -2947.106993 -5359.510155
472.00 -2595760.163188 -5340567.707470 2685404.214294 832.908802 -2956.165213 -5385.293414
473.00 -2594924.782445 -5343528.387255 2680005.967849 837.848167 -2965.195772 -5411.243252
474.00 -2594084.479844 -5346498.106076 2674581.642795 842.759365 -2974.204714 -5437.386563
475.00 -2593239.263225 -5349476.654044 2669131.366418 847.677828 -2982.846412 -5463.107420
476.00 -2592389.099844 -5352463.849763 2663655.391416 852.657846 -2991.578485 -5488.858997
477.00 -2591533.941860 -5355459.842806 2658153.652930 857.654894 -3000.416887 -5514.621310
478.00 -2590673.813247 -5358464.710353 2652626.103583 862.587950 -3009.323230 -5540.507163
479.00 -2589808.793328 -5361478.501857 2647072.551852 867.445473 -3018.284291 -5566.675620
480.00 -2588938.908926 -5364501.260633 2641492.675288 872.337041 -3027.229062 -5593.131046
481.00 -2588064.084904 -5367532.932056 2635886.194233 877.331644 -3036.090767 -5619.851613
482.00 -2587184.205152 -5370573.430132 2630252.927337 882.443092 -3044.959217 -5646.761622
483.00 -2586299.204847 -5373622.884785 2624592.633760 887.554062 -3053.979644 -5673.837520
484.00 -2585409.111239 -5376681.486371 2618905.184619 892.621890 -3063.252865 -5701.078749
485.00 -2584513.974579 -5379749.487812 2613190.360700 897.639572 -3072.758043 -5728.585516
486.00 -2583613.832043 -5382827.037407 2607447.933244 902.652906 -3082.363483 -5756.325300
487.00 -2582708.638545 -5385914.204169 2601677.650473 907.762266 -3091.980557 -5784.287672
488.00 -2581798.258257 -5389011.025750 2595879.300291 913.013386 -3101.684914 -5812.437419
489.00 -2580882.604573 -5392117.652557 2590052.706277 918.291406 -3111.622449 -5840.795401
490.00 -2579961.707956 -5395234.323277 2584197.710382 923.482124 -3121.779066 -5869.243190
491.00 -2579035.679430 -5398361.253315 2578314.193552 928.557018 -3132.121681 -5897.846793
492.00 -2578104.603263 -5401498.616226 2572401.917604 933.593749 -3142.606213 -5926.731829
493.00 -2577168.470578 -5404646.468860 2566460.668353 938.688525 -3153.103060 -5955.807763
494.00 -2576227.182029 -5407804.867739 2560490.182722 943.905322 -3163.709930 -5985.195126
495.00 -2575280.637956 -5410973.958844 2554490.195505 949.186610 -3174.482716 -6014.768909
496.00 -2574328.801215 -5414153.979655 2548460.489707 954.479454 -3185.569362 -6044.634849
497.00 -2573371.695396 -5417345.165330 2542400.858478 959.715380 -3196.825624 -6074.659066
498.00 -2572409.367725 -5420547.712268 2536311.042910 964.943836 -3208.237229 -6104.958202
499.00 -2571441.783827 -5423761.721484 2530190.732979 970.231401 -3219.760841 -6135.693000
500.00 -2570468.879283 -5426987.214038 2524039.567498 975.584788 -3231.231546 -6166.682988
501.00 -2569490.589169 -5430224.274986 2517857.229116 980.994694 -3242.904554 -6197.990880
502.00 -2568506.893822 -5433473.141405 2511643.476826 986.393782 -3254.875080 -6229.542587
503.00 -2567517.818575 -5436734.100357 2505398.094282 991.750620 -3267.074081 -6261.239154
504.00 -2566523.392985 -5440007.351365 2499120.900496 997.103865 -3279.464196 -6293.225956
505.00 -2565523.586843 -5443293.039951 2492811.561217 1002.524718 -3291.921305 -6325.490392
506.00 -2564518.302224 -5446591.184711 2486469.884113 1008.066191 -3304.331273 -6357.823916
507.00 -2563507.439437 -5449901.608225 2480096.028923 1013.659320 -3316.532240 -6389.914203
508.00 -2562490.998601 -5453224.319269 2473689.984392 1019.215241 -3328.947644 -6422.245432
509.00 -2561469.037050 -5456559.528349 2467251.544637 1024.705304 -3341.528094 -6454.711194
510.00 -2560441.601067 -5459907.449373 2460780.467112 1030.165378 -3354.304388 -6487.442397
511.00 -2559408.691227 -5463268.200892 2454276.510773 1035.670018 -3367.223788 -6520.537099
512.00 -2558370.233468 -5466641.929470 2447739.259094 1041.251001 -3380.229086 -6554.017597
513.00 -2557326.153278 -5470028.720745 2441168.306860 1046.937145 -3393.342132 -6587.913292
514.00 -2556276.303143 -5473428.674321 2434563.289012 1052.793063 -3406.561470 -6622.130292
515.00 -2555220.516513 -5476841.918915 2427923.924403 1058.796702 -3420.001286 -6656.691121
516.00 -2554158.718627 -5480268.740593 2421249.837572 1064.794580 -3433.675358 -6691.531641
517.00 -2553090.947688 -5483709.306462 2414540.795759 1070.728186 -3447.510294 -6726.640439
518.00 -2552017.303665 -5487163.814035 2407796.462218 1076.542462 -3461.529243 -6762.082719
519.00 -2550937.870383 -5490632.440373 2401016.462654 1082.333204 -3475.728668 -6797.947242
520.00 -2549853.414530 -5494108.530281 2394210.499966 1086.149603 -3473.104687 -6809.008416
521.00 -2548765.683860 -5497577.809627 2387399.698787 1089.309377 -3465.440317 -6812.570696
522.00 -2547674.794054 -5501039.391943 2380585.380348 1092.470310 -3457.722987 -6816.063827
523.00 -2546580.744147 -5504493.247654 2373767.579872 1095.629467 -3449.988427 -6819.535609
524.00 -2545483.535625 -5507939.364541 2366946.314707 1098.787813 -3442.243255 -6822.988754
525.00 -2544383.169003 -5511377.726827 2360121.611013 1101.945395 -3434.480627 -6826.416982
526.00 -2543279.644948 -5514808.325027 2353293.484380 1105.102730 -3426.714263 -6829.834485
527.00 -2542172.967316 -5518231.156895 2346461.947391 1108.252111 -3418.947225 -6833.238533
528.00 -2541063.140663 -5521646.219057 2339627.012478 1111.401376 -3411.176657 -6836.628999
529.00 -2539950.164682 -5525053.507321 2332788.692826 1114.551926 -3403.398316 -6840.009239
530.00 -2538834.036158 -5528453.014770 2325946.997752 1117.705696 -3395.614689 -6843.380245
531.00 -2537714.753369 -5531844.735742 2319101.936079 1120.860041 -3387.825955 -6846.741912
532.00 -2536592.316448 -5535228.665010 2312253.517118 1124.014567 -3380.032440 -6850.093974
533.00 -2535466.724680 -5538604.798172 2305401.750709 1127.169012 -3372.233151 -6853.437201
534.00 -2534337.978417 -5541973.129772 2298546.645990 1130.323591 -3364.429385 -6856.770585
535.00 -2533206.077613 -5545333.656237 2291688.213470 1133.477869 -3356.622223 -6860.093267
536.00 -2532071.022967 -5548686.372499 2284826.462602 1136.631500 -3348.809642 -6863.406816
537.00 -2530932.814866 -5552031.274014 2277961.403146 1139.784652 -3340.992670 -6866.710441
538.00 -2529791.454048 -5555368.359170 2271093.041360 1142.937123 -3333.175611 -6870.009695
539.00 -2528646.940810 -5558697.622279 2264221.388957 1146.089302 -3325.349893 -6873.293455
540.00 -2527499.275682 -5562019.057580 2257346.457853 1149.241157 -3317.520839 -6876.566500
541.00 -2526348.458903 -5565332.661565 2250468.258587 1152.392348 -3309.686422 -6879.830375
542.00 -2525194.491247 -5568638.428937 2243586.800420 1155.543038 -3301.847672 -6883.084300
543.00 -2524037.373152 -5571936.355398 2236702.093305 1158.693225 -3294.004602 -6886.328270
544.00 -2522877.105061 -5575226.436662 2229814.147201 1161.842902 -3286.157223 -6889.562279
545.00 -2521713.687612 -5578508.668370 2222922.972069 1164.992067 -3278.305547 -6892.786324
546.00 -2520547.121193 -5581783.046286 2216028.577876 1168.140715 -3270.449586 -6896.000399
547.00 -2519377.406450 -5585049.566074 2209130.974596 1171.288842 -3262.589350 -6899.204499
548.00 -2518204.543778 -5588308.223523 2202230.172206 1174.436444 -3254.724853 -6902.398619
549.00 -2517028.533833 -5591559.014321 2195326.180687 1177.583516 -3246.856106 -6905.582754
550.00 -2515849.377019 -5594801.934279 2188419.010027 1180.730054 -3238.983120 -6908.756900
551.00 -2514667.073998 -5598036.979108 2181508.670219 1183.876055 -3231.105907 -6911.921051
552.00 -2513481.625183 -5601264.144645 2174595.171258 1187.021514 -3223.224479 -6915.075204
553.00 -2512293.031245 -5604483.426623 2167678.523146 1190.166428 -3215.338847 -6918.219352
554.00 -2511101.292605 -5607694.820901 2160758.735891 1193.310790 -3207.449025 -6921.353491
555.00 -2509906.409978 -5610898.325915 2153835.815743 1196.454546 -3199.559079 -6924.483313
556.00 -2508708.383776 -5614093.936249 2146909.774542 1199.597796 -3191.660909 -6927.597419
557.00 -2507507.214669 -5617281.646305 2139980.624245 1202.740483 -3183.758582 -6930.701503
558.00 -2506302.903094 -5620461.451989 2133048.374879 1205.882603 -3175.852110 -6933.795558
559.00 -2505095.449749 -5623633.349106 2126113.036473 1209.024152 -3167.941506 -6936.879581
560.00 -2503884.855077 -5626797.333586 2119174.619064 1212.165126 -3160.026781 -6939.953565
561.00 -2502671.119785 -5629953.401257 2112233.132690 1215.305520 -3152.107947 -6943.017508
562.00 -2501454.244325 -5633101.548073 2105288.587396 1218.445331 -3144.185016 -6946.071404
563.00 -2500234.229413 -5636241.769885 2098340.993233 1221.584555 -3136.258000 -6949.115248
564.00 -2499011.075508 -5639374.062672 2091390.360253 1224.723187 -3128.326909 -6952.149036
565.00 -2497784.783333 -5642498.422308 2084436.698515 1227.861223 -3120.391757 -6955.172763
566.00 -2496555.353357 -5645614.844794 2077480.018083 1230.998658 -3112.452555 -6958.186424
567.00 -2495322.786312 -5648723.326030 2070520.329024 1234.135490 -3104.509315 -6961.190015
568.00 -2494087.082675 -5651823.862040 2063557.641410 1237.271713 -3096.562048 -6964.183532
569.00 -2492848.243186 -5654916.448747 2056591.965320 1240.407323 -3088.610768 -6967.166969
570.00 -2491606.268329 -5658001.082199 2049623.310834 1243.542317 -3080.655484 -6970.140322
571.00 -2490361.158854 -5661077.758343 2042651.688038 1246.676690 -3072.696210 -6973.103587
572.00 -2489112.915186 -5664146.475843 2035677.103049 1249.810540 -3064.736943 -6976.062873
573.00 -2487861.538115 -5667207.229470 2028699.567798 1252.943658 -3056.769723 -6979.005947
574.00 -2486607.028177 -5670260.013928 2021719.094523 1256.076142 -3048.798548 -6981.938920
575.00 -2485349.386139 -5673304.825210 2014735.693328 1259.207988 -3040.823430 -6984.861786
576.00 -2484088.612510 -5676341.659436 2007749.374322 1262.339193 -3032.844381 -6987.774541
577.00 -2482824.708064 -5679370.512624 2000760.147618 1265.469752 -3024.861412 -6990.677181
578.00 -2481557.673318 -5682391.380917 1993768.023333 1268.599661 -3016.874536 -6993.569701
579.00 -2480287.509056 -5685404.260356 1986773.011591 1271.728915 -3008.883765 -6996.452097
580.00 -2479014.215803 -5688409.147110 1979775.122516 1274.857511 -3000.889110 -6999.324364
581.00 -2477737.794351 -5691406.037244 1972774.366240 1277.985444 -2992.890583 -7002.186499
582.00 -2476458.245234 -5694394.926948 1965770.752898 1281.112710 -2984.888196 -7005.038496
583.00 -2475175.569250 -5697375.812312 1958764.292629 1284.239305 -2976.881962 -7007.880351
584.00 -2473889.767009 -5700348.689524 1951754.995578 1287.365225 -2968.871892 -7010.712061
585.00 -2472600.839122 -5703313.554780 1944742.871891 1290.490466 -2960.857998 -7013.533620
586.00 -2471308.786401 -5706270.404208 1937727.931722 1293.615023 -2952.840292 -7016.345025
587.00 -2470013.609400 -5709219.234056 1930710.185228 1296.738893 -2944.818786 -7019.146271
588.00 -2468715.308942 -5712160.040476 1923689.642569 1299.862070 -2936.793492 -7021.937353
589.00 -2467413.885588 -5715092.819741 1916666.313911 1302.984552 -2928.764423 -7024.718269
590.00 -2466109.340169 -5718017.568025 1909640.209422 1306.106333 -2920.731589 -7027.489012
591.00 -2464801.673254 -5720934.281626 1902611.339278 1309.227409 -2912.695003 -7030.249580
592.00 -2463490.885682 -5723842.956742 1895579.713655 1312.347777 -2904.654677 -7032.999968
593.00 -2462176.978033 -5726743.589695 1888545.342736 1315.467433 -2896.610623 -7035.740172
594.00 -2460859.951152 -5729636.176707 1881508.236706 1318.586371 -2888.562852 -7038.470188
595.00 -2459539.805627 -5732520.714124 1874468.405758 1321.704588 -2880.511378 -7041.190011
596.00 -2458216.542314 -5735397.198192 1867425.860084 1324.822080 -2872.456212 -7043.899637
597.00 -2456890.161807 -5738265.625281 1860380.609883 1327.938842 -2864.397366 -7046.599063
598.00 -2455560.664970 -5741125.991660 1853332.665359 1331.054871 -2856.334852 -7049.288284
599.00 -2454228.052408 -5743978.293725 1846282.036718 1334.170162 -2848.268682 -7051.967296
600.00 -2452892.325103 -5746822.526910 1839228.733687 1337.284547 -2840.197616 -7054.636802