#Unix T+0 Time (s)
1768624791.00

# Delta T+ Time (s), ECEF Target Position (m), ECEF Target Velocity (m/s)
-1.00 -2675270.420441 -4521717.531687 3604438.680532 0.000000 0.000000 0.000000
0.00 -2675270.420441 -4521717.531687 3604438.680532 0.000000 0.000000 0.000000
1.00 -2675271.002967 -4521718.518886 3604439.470711 -1.198928 -2.030762 1.627161
2.00 -2675272.886753 -4521721.702911 3604442.029628 -2.599262 -4.385352 3.533522
3.00 -2675276.277397 -4521727.410647 3604446.642204 -4.196206 -7.052056 5.711800
4.00 -2675281.299385 -4521735.840116 3604453.482754 -5.857502 -9.823900 7.983653
5.00 -2675288.014954 -4521747.096997 3604462.640744 -7.586329 -12.711470 10.349528
6.00 -2675296.500240 -4521761.309743 3604474.218752 -9.399239 -15.738735 12.825981
7.00 -2675306.834328 -4521778.606457 3604488.318164 -11.275084 -18.863482 15.379682
8.00 -2675319.064637 -4521799.057954 3604504.995252 -13.191528 -22.049522 17.982649
9.00 -2675333.228248 -4521822.723934 3604524.298676 -15.140276 -25.290617 20.630891
10.00 -2675349.358888 -4521849.662907 3604546.276354 -17.126397 -28.596815 23.331911
11.00 -2675367.490707 -4521879.933214 3604570.975120 -19.144825 -31.954744 26.075294
12.00 -2675387.661947 -4521913.583606 3604598.443472 -21.204727 -35.354998 28.870631
13.00 -2675409.906106 -4521950.666440 3604628.725114 -23.282828 -38.828372 31.692725
14.00 -2675434.220230 -4521991.285762 3604661.822508 -25.341802 -42.439365 34.498781
15.00 -2675460.578232 -4522035.597407 3604697.709529 -27.368721 -46.211019 37.269117
16.00 -2675488.947800 -4522083.760610 3604736.350255 -29.365942 -50.143050 40.008645
17.00 -2675519.299910 -4522135.933738 3604777.716719 -31.333711 -54.229274 42.719896
18.00 -2675551.606663 -4522192.270814 3604821.781457 -33.275718 -58.471185 45.405511
19.00 -2675585.841271 -4522252.922813 3604868.515481 -35.189697 -62.858703 48.058063
20.00 -2675621.977786 -4522318.038325 3604917.887517 -37.079450 -67.398083 50.681385
21.00 -2675659.993108 -4522387.770755 3604969.869036 -38.947672 -72.093190 53.277481
22.00 -2675699.861878 -4522462.268180 3605024.427544 -40.786495 -76.927685 55.835199
23.00 -2675741.559934 -4522541.676713 3605081.529705 -42.605244 -81.912189 58.362896
24.00 -2675785.068743 -4522626.145498 3605141.145615 -44.410755 -87.051489 60.864926
25.00 -2675830.377325 -4522715.828457 3605203.249310 -46.203213 -92.337619 63.337002
26.00 -2675877.472168 -4522810.872906 3605267.812923 -47.983262 -97.774433 65.785477
27.00 -2675926.340438 -4522911.428797 3605334.814111 -49.749470 -103.359688 68.211762
28.00 -2675976.967272 -4523017.642828 3605404.230038 -51.501616 -109.092583 70.616673
29.00 -2676029.338499 -4523129.661212 3605476.040232 -53.238353 -114.969831 73.001898
30.00 -2676083.438078 -4523247.631281 3605550.228625 -54.957719 -120.994718 75.372472
31.00 -2676139.248864 -4523371.701165 3605626.780817 -56.661240 -127.171623 77.730625
32.00 -2676196.754839 -4523502.026192 3605705.686183 -58.347918 -133.505668 80.079199
33.00 -2676255.938309 -4523638.765523 3605786.935741 -60.014013 -139.997014 82.416764
34.00 -2676316.774737 -4523782.071168 3605870.515286 -61.655620 -146.641348 84.740865
35.00 -2676379.242951 -4523932.101177 3605956.413148 -63.277055 -153.445235 87.051941
36.00 -2676443.322482 -4524089.015888 3606044.612700 -64.880174 -160.414073 89.344376
37.00 -2676508.998801 -4524252.984028 3606135.090986 -66.470598 -167.550376 91.606042
38.00 -2676576.261991 -4524424.173923 3606227.811384 -68.055995 -174.859393 93.827637
39.00 -2676645.109976 -4524602.754740 3606322.725820 -69.641502 -182.331931 95.991929
40.00 -2676715.549126 -4524788.894160 3606419.773475 -71.240998 -189.978293 98.092957
41.00 -2676787.599623 -4524982.767111 3606518.885087 -72.864260 -197.796657 100.116605
42.00 -2676861.287585 -4525184.547116 3606619.979425 -74.516897 -205.793483 102.058429
43.00 -2676936.643720 -4525394.411262 3606722.972976 -76.199226 -213.961044 103.913060
44.00 -2677013.697137 -4525612.527583 3606827.778005 -77.913056 -222.299584 105.682405
45.00 -2677092.483344 -4525839.067109 3606934.308026 -79.665339 -230.807078 107.362056
46.00 -2677173.038061 -4526074.194468 3607042.470174 -81.448102 -239.473566 108.946234
47.00 -2677255.387051 -4526318.068582 3607152.169736 -83.251889 -248.300066 110.437309
48.00 -2677339.540322 -4526570.827665 3607263.309285 -85.053869 -257.232243 111.824720
49.00 -2677425.496519 -4526832.561232 3607375.787142 -86.859145 -266.251097 113.116085
50.00 -2677513.255037 -4527103.361000 3607489.509884 -88.656309 -275.370284 114.316169
51.00 -2677602.561862 -4527382.671216 3607604.108610 -89.704469 -282.572488 114.576530
52.00 -2677692.391671 -4527667.774770 3607718.344983 -89.900355 -287.487094 113.840868
53.00 -2677782.331230 -4527957.578445 3607831.771447 -89.973938 -292.125693 113.008604
54.00 -2677872.477061 -4528252.477206 3607944.500540 -90.519553 -298.287128 112.664001
55.00 -2677963.645795 -4528555.025862 3608057.372868 -91.856725 -306.963432 113.101552
56.00 -2678056.192911 -4528866.491500 3608170.659029 -93.237184 -316.007757 113.449365
57.00 -2678150.119636 -4529187.122449 3608284.243187 -94.613738 -325.286903 113.709151
58.00 -2678245.411645 -4529517.121369 3608398.053097 -95.964879 -334.736638 113.894103
59.00 -2678342.040147 -4529856.648034 3608511.992965 -97.288762 -344.342025 113.964563
60.00 -2678439.984211 -4530205.857981 3608625.943981 -98.595491 -354.099031 113.918302
61.00 -2678539.235685 -4530564.926184 3608739.804893 -99.914542 -364.094782 113.795466
62.00 -2678639.813744 -4530934.120708 3608853.504186 -101.240847 -374.332971 113.587144
63.00 -2678741.715970 -4531313.662695 3608966.945702 -102.562475 -384.781083 113.277605
64.00 -2678844.934447 -4531703.731544 3609080.020196 -103.865385 -395.362820 112.846315
65.00 -2678949.436799 -4532104.428888 3609192.595692 -105.141277 -406.073161 112.289146
66.00 -2679055.215734 -4532515.946779 3609304.561366 -106.414039 -416.995115 111.623248
67.00 -2679162.258798 -4532938.496793 3609415.804622 -107.668789 -428.147552 110.844576
68.00 -2679270.548170 -4533372.340509 3609526.213939 -108.906604 -439.591321 109.956303
69.00 -2679380.056701 -4533817.750601 3609635.675737 -110.099656 -451.254057 108.944757
70.00 -2679490.725598 -4534274.898545 3609744.059314 -111.228714 -463.079506 107.803149
71.00 -2679602.492763 -4534743.984227 3609851.243590 -112.295070 -475.136556 106.547250
72.00 -2679715.296837 -4535225.279909 3609957.119573 -113.299239 -487.498335 105.185115
73.00 -2679829.055110 -4535719.036732 3610061.567722 -114.199948 -500.041047 103.687977
74.00 -2679943.667845 -4536225.426948 3610164.450352 -115.017507 -512.800763 102.059991
75.00 -2680059.072920 -4536744.763679 3610265.652696 -115.781202 -525.926334 100.324994
76.00 -2680175.203959 -4537277.376049 3610365.058685 -116.465091 -539.342554 98.465390
77.00 -2680291.969641 -4537823.536825 3610462.541443 -117.047165 -553.011380 96.477522
78.00 -2680409.256903 -4538383.444204 3610557.964336 -117.510231 -566.844348 94.346398
79.00 -2680526.941636 -4538957.298476 3610651.189998 -117.820139 -580.908061 92.084787
80.00 -2680644.873594 -4539545.380622 3610742.095881 -118.080718 -595.310800 89.704292
81.00 -2680763.263822 -4540148.006709 3610830.543053 -118.796003 -609.973426 87.157037
82.00 -2680882.631487 -4540765.357736 3610916.336286 -120.007898 -624.731653 84.391267
83.00 -2681003.399116 -4541397.487690 3610999.251050 -121.581224 -639.543094 81.400732
84.00 -2681125.892739 -4542044.491815 3611079.060699 -123.452294 -654.502909 78.179423
85.00 -2681250.388237 -4542706.566419 3611155.528917 -125.577340 -669.677910 74.716156
86.00 -2681377.136151 -4543383.943781 3611228.417799 -127.967061 -685.136692 71.027586
87.00 -2681506.412336 -4544076.939057 3611297.512985 -130.622055 -700.877396 67.120964
88.00 -2681638.451135 -4544785.741901 3611362.572549 -133.495826 -716.772039 62.957978
89.00 -2681773.483336 -4545510.580702 3611423.351832 -136.601556 -732.950394 58.560991
90.00 -2681911.706884 -4546251.705512 3611479.612226 -139.870441 -749.323936 53.919767
91.00 -2682053.273416 -4547009.270603 3611531.112150 -143.285967 -765.822556 49.037717
92.00 -2682198.332019 -4547783.417003 3611577.600467 -146.865659 -782.529785 43.897902
93.00 -2682347.070687 -4548574.440036 3611618.829822 -150.638822 -799.557468 38.520678
94.00 -2682499.647367 -4549382.580351 3611654.556955 -154.530995 -816.746181 32.890348
95.00 -2682656.174502 -4550208.019906 3611684.523281 -158.540694 -834.178837 26.996473
96.00 -2682816.755957 -4551051.030646 3611708.454230 -162.630507 -851.875850 20.818860
97.00 -2682981.456580 -4551911.846711 3611726.072375 -166.780108 -869.791673 14.372462
98.00 -2683150.339211 -4552790.705517 3611737.103492 -170.999489 -887.978434 7.640727
99.00 -2683323.484716 -4553687.871367 3611741.256724 -175.312495 -906.398156 0.615281
100.00 -2683500.964907 -4554603.567074 3611738.240252 -179.620117 -925.024411 -6.686051
101.00 -2683682.629712 -4555538.005950 3611727.826799 -183.652486 -943.901756 -14.166853
102.00 -2683868.175985 -4556491.528338 3611709.845942 -187.400492 -963.231279 -21.827380
103.00 -2684057.355444 -4557464.620491 3611684.108813 -190.917030 -983.012678 -29.676542
104.00 -2684249.923499 -4558457.670506 3611650.434938 -194.175485 -1003.148771 -37.699790
105.00 -2684445.614604 -4559471.012587 3611608.656250 -197.162225 -1023.586794 -45.884637
106.00 -2684644.157301 -4560504.935509 3611558.608758 -199.881312 -1044.315280 -54.240395
107.00 -2684845.298398 -4561559.753042 3611500.114690 -202.362235 -1065.374188 -62.778015
108.00 -2685048.812265 -4562635.828741 3611432.989342 -204.631335 -1086.851541 -71.503609
109.00 -2685254.489623 -4563733.566793 3611357.050678 -206.690152 -1108.682248 -80.402127
110.00 -2685462.129987 -4564853.312739 3611272.125815 -208.556388 -1130.844771 -89.475058
111.00 -2685671.539217 -4565995.320692 3611178.042485 -210.236009 -1153.218716 -98.723517
112.00 -2685882.552512 -4567159.843036 3611074.614931 -211.768502 -1175.877550 -108.164333
113.00 -2686095.046150 -4568347.225223 3610961.639272 -213.206637 -1198.964013 -117.825687
114.00 -2686308.941740 -4569557.907000 3610838.888990 -214.570271 -1222.444598 -127.708631
115.00 -2686524.163520 -4570792.192357 3610706.152104 -215.871746 -1246.198789 -137.807600
116.00 -2686740.689818 -4572050.435931 3610563.185959 -217.185775 -1270.343256 -148.169542
117.00 -2686958.541727 -4573332.945681 3610409.724820 -218.519884 -1294.698042 -158.796589
118.00 -2687177.732111 -4574639.897209 3610245.502289 -219.860401 -1319.248517 -169.694798
119.00 -2687398.265746 -4575971.583968 3610070.232188 -221.207959 -1344.207860 -180.899391
120.00 -2687620.134225 -4577328.407315 3609883.609413 -222.519426 -1369.484963 -192.392085
121.00 -2687843.282285 -4578710.643819 3609685.356879 -223.764442 -1395.036400 -204.159314
122.00 -2688067.634574 -4580118.578965 3609475.196648 -224.923439 -1420.887150 -216.209699
123.00 -2688293.094544 -4581552.538563 3609252.836042 -225.981481 -1447.114999 -228.567431
124.00 -2688519.562138 -4583012.960179 3609017.954962 -226.928468 -1473.767543 -241.239286
125.00 -2688746.903470 -4584500.177784 3608770.263381 -227.730252 -1500.717050 -254.189706
126.00 -2688974.980312 -4586014.502161 3608509.486883 -228.405898 -1527.985248 -267.403019
127.00 -2689203.696404 -4587556.285594 3608235.382445 -229.024093 -1555.638647 -280.832931
128.00 -2689433.041957 -4589125.911092 3607947.779285 -229.682265 -1583.692452 -294.388516
129.00 -2689663.112862 -4590723.887402 3607646.576700 -230.493004 -1612.373430 -308.025798
130.00 -2689894.095653 -4592350.835939 3607331.727668 -231.500472 -1641.569012 -321.661933
131.00 -2690126.165861 -4594007.109638 3607003.272186 -232.664251 -1671.033699 -335.245835
132.00 -2690358.989807 -4595689.479975 3606662.025222 -232.266479 -1688.407776 -346.063802
133.00 -2690589.559460 -4597375.770335 3606312.954709 -228.718188 -1683.078398 -351.830933
134.00 -2690816.393633 -4599055.397985 3605958.419320 -224.950336 -1676.177580 -357.239297
135.00 -2691036.375501 -4600705.727759 3605603.475250 -220.972338 -1667.692469 -362.285474
136.00 -2691255.426473 -4602369.695286 3605238.550466 -217.144293 -1660.344497 -367.586277
137.00 -2691470.681874 -4604026.541426 3604868.276163 -213.375852 -1653.416202 -372.976903
138.00 -2691682.180486 -4605676.542606 3604492.594684 -209.620966 -1646.582787 -378.384626
139.00 -2691889.928556 -4607319.707368 3604111.517247 -205.892006 -1639.755346 -383.739326
140.00 -2692093.979006 -4608956.059873 3603725.142437 -202.208185 -1632.946208 -389.010006
141.00 -2692294.344351 -4610585.594667 3603333.498181 -198.522131 -1626.119293 -394.277162
142.00 -2692491.023377 -4612208.291865 3602936.590906 -194.835550 -1619.270146 -399.535666
143.00 -2692684.022946 -4613824.111924 3602534.454121 -191.176891 -1612.353896 -404.702167
144.00 -2692873.381671 -4615432.989577 3602127.199914 -187.535469 -1605.397053 -409.814306
145.00 -2693059.079788 -4617034.899451 3601714.800104 -183.844518 -1598.430741 -415.018473
146.00 -2693241.055736 -4618629.863261 3601297.129826 -180.104445 -1591.498558 -420.327988
147.00 -2693419.284682 -4620217.900926 3600874.135076 -176.351892 -1584.579532 -425.665161
148.00 -2693593.757405 -4621799.026646 3600445.794316 -172.591996 -1577.666129 -431.015743
149.00 -2693764.956808 -4623373.138534 3600013.068566 -170.420372 -1570.287922 -433.156991
150.00 -2693934.823061 -4624938.957009 3599580.227382 -169.221041 -1561.099033 -432.549699
151.00 -2694103.204507 -4626494.925271 3599147.851786 -167.456007 -1550.670566 -432.274962
152.00 -2694269.599301 -4628040.030263 3598715.553197 -165.283930 -1539.404944 -432.333675
153.00 -2694434.074317 -4629572.118586 3598284.697178 -164.186380 -1522.765574 -427.274849
154.00 -2694598.327949 -4631083.752398 3597862.685422 -164.317049 -1500.169868 -416.529286
155.00 -2694762.664080 -4632572.061893 3597451.875517 -164.331031 -1476.339536 -405.018159
156.00 -2694926.945952 -4634036.331889 3597052.758083 -164.214769 -1452.194930 -393.184617
157.00 -2695091.068990 -4635476.463095 3596665.607575 -164.032458 -1428.060308 -381.049860
158.00 -2695255.015248 -4636892.461820 3596290.803452 -163.863137 -1403.953078 -368.490780
159.00 -2695418.797392 -4638284.378247 3595928.736118 -163.691307 -1379.875665 -355.605530
160.00 -2695582.413718 -4639652.049359 3595579.643941 -163.561309 -1355.280154 -342.466382
161.00 -2695746.021530 -4640994.481099 3595243.973418 -163.706677 -1329.403006 -328.830978
162.00 -2695909.940980 -4642310.575363 3594922.068050 -164.181610 -1302.700284 -314.927042
163.00 -2696074.438685 -4643599.789164 3594614.238786 -164.839126 -1275.677926 -300.683754
164.00 -2696239.670077 -4644861.738005 3594320.895756 -165.720577 -1247.837592 -285.667746
165.00 -2696406.071207 -4646094.633152 3594043.693673 -167.145518 -1217.704699 -268.510968
166.00 -2696574.014460 -4647296.902840 3593784.106246 -168.756756 -1186.744627 -250.587919
167.00 -2696743.601715 -4648467.978192 3593542.652233 -170.422385 -1155.359216 -232.269065
168.00 -2696914.864380 -4649607.535459 3593319.673242 -172.105876 -1123.703752 -213.628838
169.00 -2697087.819157 -4650715.289124 3593115.491975 -173.802684 -1091.777478 -194.702139
170.00 -2697262.488764 -4651790.975705 3592930.390417 -175.551017 -1059.534062 -175.426875
171.00 -2697438.941114 -4652834.296886 3592764.699537 -177.350352 -1027.107331 -155.944536
172.00 -2697617.188721 -4653845.135637 3592618.550486 -179.154794 -994.508253 -136.296177
173.00 -2697797.291182 -4654823.139587 3592492.270309 -181.070557 -961.382461 -116.143328
174.00 -2697979.357297 -4655767.751634 3592386.405195 -183.071570 -927.795129 -95.538292
175.00 -2698163.451874 -4656678.671738 3592301.250725 -185.130122 -893.968442 -74.685083
176.00 -2698349.631960 -4657555.599676 3592237.119160 -187.237747 -859.825276 -53.518976
177.00 -2698537.945237 -4658398.226684 3592194.299601 -189.389063 -825.417229 -32.097642
178.00 -2698728.436543 -4659206.348889 3592173.017000 -191.617588 -790.722086 -10.366706
179.00 -2698921.224023 -4659979.443437 3592173.763733 -193.970312 -755.364506 11.960361
180.00 -2699116.397275 -4660716.927738 3592197.081982 -196.375449 -719.588509 34.704934
181.00 -2699313.975088 -4661418.615199 3592243.197864 -198.785818 -683.771557 57.552825
182.00 -2699514.002404 -4662084.382792 3592312.270563 -201.291313 -647.688904 80.671232
183.00 -2699716.601432 -4662713.784520 3592404.747019 -203.917620 -610.997472 104.391774
184.00 -2699921.858813 -4663306.187474 3592521.221620 -206.610824 -573.726836 128.640489
185.00 -2700129.859705 -4663861.106756 3592662.174741 -209.410009 -536.033473 153.347120
186.00 -2700340.704154 -4664378.104035 3592828.054362 -212.290364 -497.868070 178.500925
187.00 -2700554.466764 -4664856.704012 3593019.314102 -215.254123 -459.260896 204.093272
188.00 -2700771.254888 -4665296.469654 3593236.384739 -218.344984 -420.173063 230.142801
189.00 -2700991.183628 -4665696.944773 3593479.712828 -221.508980 -380.755754 256.554299
190.00 -2701214.286113 -4666057.790410 3593749.690879 -224.719395 -340.793188 283.535946
191.00 -2701440.692349 -4666378.310945 3594046.975779 -228.142644 -300.140084 311.124415
192.00 -2701670.679592 -4666657.895502 3594372.057050 -231.897582 -258.958155 339.078715
193.00 -2701904.640190 -4666896.071512 3594725.206813 -236.111767 -217.283076 367.286932
194.00 -2702143.097772 -4667092.215072 3595106.755161 -240.905464 -174.873945 395.878745
195.00 -2702386.634385 -4667245.594528 3595517.083746 -246.259007 -131.738690 424.894627
196.00 -2702635.788042 -4667355.429733 3595956.748986 -252.122295 -87.839061 454.491824
197.00 -2702890.936045 -4667421.413749 3596425.840138 -257.946125 -45.120932 482.721796
198.00 -2703151.238275 -4667447.484880 3596920.438625 -262.565302 -7.388653 506.108580
199.00 -2703415.499809 -4667438.171042 3597436.165620 -264.699344 21.460699 521.113581
200.00 -2703679.640239 -4667408.135541 3597959.383620 -263.567823 38.626376 525.383241
201.00 -2703942.613396 -4667360.897745 3598487.002012 -262.374983 55.855225 529.870382
202.00 -2704204.362188 -4667296.535751 3599019.029960 -260.836631 71.802699 533.150178
203.00 -2704463.299446 -4667221.038214 3599549.802692 -256.971069 78.938855 528.161011
204.00 -2704718.297094 -4667138.685436 3600075.327128 -253.024081 85.766390 522.887867
205.00 -2704969.349216 -4667049.499287 3600595.584691 -249.078806 92.601385 517.623392
206.00 -2705216.453885 -4666953.485620 3601110.571672 -245.130314 99.425508 512.350400
207.00 -2705459.610877 -4666850.646499 3601620.288685 -241.189322 106.264474 507.099631
208.00 -2705698.838821 -4666740.950670 3602124.787478 -237.263055 113.130814 501.892622
209.00 -2705934.134294 -4666624.412737 3602624.057788 -233.320647 119.946878 496.635155
210.00 -2706165.481027 -4666501.050672 3603118.062365 -229.371517 126.772943 491.370198
211.00 -2706392.874740 -4666370.884824 3603606.817825 -225.412116 133.566963 486.129133
212.00 -2706616.310958 -4666233.908534 3604090.312882 -221.463467 140.396455 480.872033
213.00 -2706835.805271 -4666090.080192 3604568.574290 -217.524909 147.259716 475.650855
214.00 -2707051.354133 -4665939.410461 3605041.593141 -213.571377 154.075397 470.382585
215.00 -2707262.949526 -4665781.924548 3605509.345135 -209.617980 160.892495 465.117529
216.00 -2707470.589240 -4665617.627934 3605971.826024 -205.661241 167.700364 459.844114
217.00 -2707674.272502 -4665446.522197 3606429.035701 -201.708421 174.520795 454.586681
218.00 -2707874.009704 -4665268.575813 3606881.012237 -197.765823 181.371569 449.366425
219.00 -2708069.797350 -4665083.798408 3607327.746451 -193.807886 188.179225 444.097620
220.00 -2708261.626995 -4664892.212995 3607769.213284 -189.850044 194.988090 438.832056
221.00 -2708449.496551 -4664693.824467 3608205.408304 -185.888747 201.788563 433.557837
222.00 -2708633.405034 -4664488.634389 3608636.331320 -181.931416 208.600291 428.299883
223.00 -2708813.363048 -4664276.614457 3609062.021181 -177.984437 215.439183 423.079854
224.00 -2708989.367005 -4664057.773372 3609482.468376 -174.021874 222.239381 417.810037
225.00 -2709161.404461 -4663832.136195 3609897.651464 -170.050190 229.030150 412.553664
226.00 -2709329.471705 -4663599.709139 3610307.567489 -166.083971 235.823607 407.278289
227.00 -2709493.572799 -4663360.487952 3610712.209943 -162.119434 242.621755 402.011392
228.00 -2709653.708310 -4663114.470580 3611111.583368 -158.151296 249.412715 396.735436
229.00 -2709809.875095 -4662861.662978 3611505.680583 -154.182084 256.202274 391.458960
230.00 -2709962.074128 -4662602.062297 3611894.507871 -150.214480 262.996238 386.191385
231.00 -2710110.303087 -4662335.672367 3612278.060798 -146.243218 269.783357 380.914335
232.00 -2710254.560895 -4662062.494731 3612656.338574 -142.273500 276.574468 375.646179
233.00 -2710394.847814 -4661782.527792 3613029.345927 -138.300143 283.359215 370.368494
234.00 -2710531.160863 -4661495.776719 3613397.075305 -134.325650 290.142669 365.090215
235.00 -2710663.500744 -4661202.239219 3613759.533161 -130.352709 296.929892 359.821098
236.00 -2710791.865295 -4660901.918572 3614116.714831 -126.376055 303.711096 354.542094
237.00 -2710916.253165 -4660594.816313 3614468.619427 -122.400881 310.495657 349.272215
238.00 -2711036.664771 -4660280.931024 3614815.251770 -118.422019 317.274677 343.992425
239.00 -2711153.096868 -4659960.267336 3615156.603990 -114.441966 324.052515 338.711958
240.00 -2711265.550306 -4659632.823266 3615492.682670 -110.463395 330.833475 333.440862
241.00 -2711374.022657 -4659298.601810 3615823.482949 -106.481068 337.609233 328.159526
242.00 -2711478.512729 -4658957.604163 3616149.003811 -102.500147 344.387787 322.887461
243.00 -2711579.020656 -4658609.837539 3616469.253216 -98.515496 351.152625 317.608539
244.00 -2711675.543368 -4658255.298507 3616784.220296 -94.529602 357.925266 312.325528
245.00 -2711768.081422 -4657893.984814 3617093.911379 -90.545104 364.700403 307.051993
246.00 -2711856.632563 -4657525.898867 3617398.321431 -86.556822 371.471236 301.767931
247.00 -2711941.195328 -4657151.041931 3617697.449372 -82.569855 378.244039 296.493285
248.00 -2712021.769990 -4656769.413269 3617991.300116 -78.579138 385.013072 291.208133
249.00 -2712098.353236 -4656381.016089 3618279.865294 -74.587128 391.781121 285.922144
250.00 -2712170.945747 -4655985.849390 3618563.151624 -70.596382 398.550953 280.645759
251.00 -2712239.546268 -4655583.919602 3618841.154563 -66.605712 405.303872 275.360615
252.00 -2712304.154835 -4655175.232421 3619113.873635 -62.612439 412.071336 270.082918
253.00 -2712364.768856 -4654759.778625 3619381.312387 -58.615367 418.836126 264.794502
254.00 -2712421.385185 -4654337.560436 3619643.462271 -54.616947 425.600046 259.505171
255.00 -2712474.004218 -4653908.577599 3619900.329994 -50.619732 432.364773 254.225473
256.00 -2712522.623619 -4653472.831509 3620151.910238 -46.618696 439.127196 248.934810
257.00 -2712567.241817 -4653030.323160 3620398.201742 -42.618789 445.889946 243.653617
258.00 -2712607.858932 -4652581.052629 3620639.209377 -38.615092 452.650926 238.361559
259.00 -2712644.471592 -4652125.021506 3620874.924460 -34.609981 459.411192 233.068501
260.00 -2712677.080318 -4651662.229990 3621105.353654 -30.605985 466.171380 227.785049
261.00 -2712705.682577 -4651192.679043 3621330.491541 -26.598148 472.930326 222.490505
262.00 -2712730.276788 -4650716.369484 3621550.336772 -22.591333 479.688736 217.205365
263.00 -2712750.863003 -4650233.301804 3621764.894129 -18.580736 486.446439 211.909250
264.00 -2712767.437787 -4649743.476808 3621974.154912 -14.568591 493.203466 206.612160
265.00 -2712780.006160 -4649246.889418 3622178.118410 -10.564579 499.968298 201.314588
266.00 -2712788.563427 -4648743.543018 3622376.783658 -6.549632 506.724395 196.015720
267.00 -2712793.109219 -4648233.444464 3622570.150801 -2.545423 513.469711 190.723084
268.00 -2712793.645894 -4647716.597284 3622758.223657 1.472312 520.224524 185.422513
269.00 -2712790.164103 -4647192.995479 3622940.995464 5.491657 526.978935 180.120930
270.00 -2712782.662187 -4646662.639547 3623118.465224 9.512445 533.732833 174.818446
271.00 -2712771.138778 -4646125.529912 3623290.631996 13.534765 540.486292 169.514893
272.00 -2712755.592818 -4645581.667475 3623457.497031 17.556094 547.237559 164.220379
273.00 -2712736.024258 -4645031.053558 3623619.064790 21.581401 553.990122 158.915015
274.00 -2712712.429567 -4644473.687308 3623775.326655 25.608267 560.742300 153.608531
275.00 -2712684.807296 -4643909.569046 3623926.281537 29.636662 567.494082 148.301075
276.00 -2712653.155793 -4643338.699211 3624071.928419 33.666639 574.245525 142.992472
277.00 -2712617.474174 -4642761.078691 3624212.268416 37.695620 580.993951 137.692575
278.00 -2712577.762153 -4642176.709337 3624347.305772 41.728699 587.744678 132.381999
279.00 -2712534.016307 -4641585.589373 3624477.031983 45.763396 594.495128 127.070226
280.00 -2712486.234914 -4640987.719140 3624601.445882 49.799679 601.245273 121.757400
281.00 -2712434.416479 -4640383.098858 3624720.546373 53.837602 607.995187 116.443352
282.00 -2712378.559857 -4639771.729639 3624834.334417 57.874541 614.741285 111.137596
283.00 -2712318.664942 -4639153.613602 3624942.813996 61.915681 621.490660 105.821409
284.00 -2712254.728006 -4638528.748317 3625045.976781 65.958495 628.239868 100.503953
285.00 -2712186.747481 -4637897.133903 3625143.821525 70.002963 634.988846 95.185348
286.00 -2712114.721609 -4637258.770590 3625236.347064 74.049090 641.737760 89.865490
287.00 -2712038.649370 -4636613.659538 3625323.554133 78.094411 648.481863 84.553264
288.00 -2711958.536329 -4635961.792296 3625405.453968 82.129303 655.253549 79.247490
289.00 -2711874.381665 -4635303.164381 3625482.039838 86.180417 662.002192 73.924055
290.00 -2711786.175662 -4634637.789344 3625553.304026 90.232569 668.749023 68.601926
291.00 -2711693.915975 -4633965.666144 3625619.243032 94.287239 675.497320 63.275816
292.00 -2711597.601297 -4633286.795841 3625679.857178 98.341009 682.240614 57.956757
293.00 -2711497.231428 -4632601.181116 3625735.149718 102.399141 688.988731 52.628138
294.00 -2711392.802486 -4631908.818306 3625785.112950 106.459067 695.736881 47.298091
295.00 -2711284.312788 -4631209.707324 3625829.745471 110.520752 702.484999 41.966738
296.00 -2711171.760453 -4630503.848235 3625869.045938 114.584253 709.233192 36.633932
297.00 -2711055.144405 -4629791.242175 3625903.014741 118.646800 715.975911 31.307706
298.00 -2710934.464233 -4629071.892110 3625931.654852 122.713859 722.724189 25.972319
299.00 -2710809.716140 -4628345.793691 3625954.958857 126.782767 729.472598 20.635440
300.00 -2710680.898167 -4627612.946838 3625972.925258 130.853502 736.221092 15.297144
301.00 -2710548.009340 -4626873.352978 3625985.554681 134.925089 742.967617 9.960102
302.00 -2710411.047898 -4626127.012340 3625992.846004 138.996730 749.710388 4.626285
303.00 -2710270.013860 -4625373.928965 3625994.802837 143.072138 756.457353 -0.714065
304.00 -2710124.902862 -4624614.097078 3625991.416813 147.150312 763.206391 -6.058255
305.00 -2709975.712687 -4623847.516087 3625982.685830 151.230371 769.955594 -11.403953
306.00 -2709822.441558 -4623074.185756 3625968.608368 155.312351 776.705053 -16.751260
307.00 -2709665.088080 -4622294.107381 3625949.184414 159.393410 783.448250 -22.093214
308.00 -2709503.652057 -4621507.284210 3625924.416127 163.479103 790.198026 -27.443581
309.00 -2709338.122675 -4620713.710771 3625894.299837 167.576526 796.948687 -32.790953
310.00 -2709168.502066 -4619913.388263 3625858.833579 171.665240 803.696577 -38.142131
311.00 -2708994.791199 -4619106.316394 3625818.013929 175.756865 810.447212 -43.497460
312.00 -2708816.989182 -4618292.497212 3625771.841378 179.846681 817.188840 -48.845849
313.00 -2708635.094957 -4617471.932856 3625720.316351 183.942164 823.939889 -54.204447
314.00 -2708449.097710 -4616644.616620 3625663.435522 188.047074 830.692023 -59.560717
315.00 -2708259.000983 -4615810.548759 3625601.193929 192.146687 837.443719 -64.922783
316.00 -2708064.803754 -4614969.729011 3625533.589325 196.248260 844.195782 -70.286742
317.00 -2707866.504501 -4614122.158744 3625460.621194 200.349146 850.940910 -75.646732
318.00 -2707664.102794 -4613267.841534 3625382.290836 204.454726 857.693451 -81.014272
319.00 -2707457.594431 -4612406.771648 3625298.591976 208.562366 864.446365 -86.383777
320.00 -2707246.977467 -4611538.948684 3625209.522649 212.672028 871.199524 -91.755200
321.00 -2707032.249762 -4610664.372433 3625115.080889 216.783759 877.953040 -97.128680
322.00 -2706813.409960 -4609783.044244 3625015.265857 220.894914 884.699231 -102.498896
323.00 -2706590.457337 -4608894.967996 3624910.078436 225.010685 891.453274 -107.876251
324.00 -2706363.387967 -4608000.137483 3624799.512653 229.128529 898.207744 -113.255656
325.00 -2706132.199686 -4607098.552371 3624683.566465 233.248393 904.962510 -118.637053
326.00 -2705896.890561 -4606190.212276 3624562.237848 237.370345 911.717694 -124.020539
327.00 -2705657.459009 -4605275.118704 3624435.525777 241.491758 918.465200 -129.401459
328.00 -2705413.902385 -4604353.275601 3624303.431880 245.625006 925.220975 -134.784947
329.00 -2705166.213547 -4603424.676597 3624165.952262 249.753056 931.977079 -140.174631
330.00 -2704914.395743 -4602489.321321 3624023.081905 253.883000 938.733433 -145.566429
331.00 -2704658.446951 -4601547.209562 3623874.818701 258.014945 945.490153 -150.960338
332.00 -2704398.365838 -4600598.342841 3623721.161493 262.146482 952.238789 -156.352249
333.00 -2704134.151658 -4599642.725508 3623562.110460 266.282208 958.995862 -161.750124
334.00 -2703865.800859 -4598680.350944 3623397.660585 270.419832 965.753233 -167.149937
335.00 -2703593.311440 -4597711.218978 3623227.809973 274.559346 972.510686 -172.551588
336.00 -2703316.681683 -4596735.329454 3623052.556874 278.700571 979.268337 -177.954864
337.00 -2703035.907453 -4595752.684462 3622871.901733 282.849046 986.016875 -183.353015
338.00 -2702750.992922 -4594763.283658 3622685.866604 286.969563 992.790472 -188.695934
339.00 -2702461.950326 -4593767.114657 3622494.466878 291.115824 999.547471 -194.103658
340.00 -2702168.760680 -4592764.189046 3622297.658306 295.263862 1006.303506 -199.513827
341.00 -2701871.422306 -4591754.507845 3622095.438722 299.413242 1013.058670 -204.925630
342.00 -2701569.934305 -4590738.074092 3621887.807141 303.561916 1019.804016 -210.336243
343.00 -2701264.296659 -4589714.893816 3621674.763486 307.713661 1026.556117 -215.751312
344.00 -2700954.506746 -4588684.962426 3621456.304000 311.866330 1033.306297 -221.167900
345.00 -2700640.563820 -4587648.281991 3621232.427259 316.019762 1040.054052 -226.585783
346.00 -2700322.467174 -4586604.855182 3621003.132034 320.173580 1046.799089 -232.004857
347.00 -2700000.216960 -4585554.686962 3620768.417900 324.326112 1053.531959 -237.422076
348.00 -2699673.816174 -4584497.783957 3620528.298838 328.469545 1060.273323 -242.805106
349.00 -2699343.271323 -4583434.149878 3620282.785266 332.618011 1067.000636 -248.217081
350.00 -2699008.581408 -4582363.783969 3620031.866267 336.765974 1073.728302 -253.629431
351.00 -2698669.740236 -4581286.695579 3619775.526958 340.911536 1080.448971 -259.040022
352.00 -2698326.753934 -4580202.891022 3619513.776267 345.060918 1087.158476 -264.461689
353.00 -2697979.615180 -4579112.382434 3619246.605802 349.214397 1093.854825 -269.879299
354.00 -2697628.329939 -4578015.188847 3618974.017485 353.356807 1100.535434 -275.298884
355.00 -2697272.893176 -4576911.316842 3618696.013380 357.510056 1107.206419 -280.712382
356.00 -2696913.315571 -4575800.781296 3618412.591025 361.644129 1113.861603 -286.132134
357.00 -2696549.604598 -4574683.600470 3618123.751025 365.777997 1120.496185 -291.546863
358.00 -2696181.766347 -4573559.796779 3617829.495817 369.897632 1127.106314 -296.963016
359.00 -2695809.812412 -4572429.397586 3617529.825902 374.008508 1133.686834 -302.376355
360.00 -2695433.753492 -4571292.434190 3617224.744150 378.107094 1140.233885 -307.786538
361.00 -2695053.603217 -4570148.942851 3616914.254204 382.190865 1146.741463 -313.192502
362.00 -2694669.964805 -4569000.929380 3616599.065768 384.257825 1146.512986 -316.192354
363.00 -2694285.541802 -4567857.709378 3616282.554659 384.664621 1139.853821 -316.795955
364.00 -2693900.499464 -4566721.255700 3615965.562836 385.416467 1133.081713 -317.095725
365.00 -2693514.771140 -4565591.791239 3615648.607216 385.709462 1124.156430 -316.146700
366.00 -2693131.510335 -4564482.932252 3615337.458660 380.357809 1092.002073 -305.343597
367.00 -2692754.172634 -4563408.228346 3615038.349712 374.309655 1057.354567 -292.772080
368.00 -2692382.983994 -4562368.344763 3614752.015837 367.995541 1022.385057 -279.907709
369.00 -2692018.374733 -4561363.585785 3614478.497998 361.133583 987.053675 -267.161747
370.00 -2691660.927976 -4560394.444275 3614217.719727 353.624941 951.017724 -254.314000
371.00 -2691311.323656 -4559461.830627 3613969.946861 345.461791 914.093791 -241.175793
372.00 -2690970.228513 -4558566.572386 3613735.423554 336.630377 876.388463 -227.876824
373.00 -2690638.328141 -4557709.391864 3613514.270632 327.077948 837.902695 -214.441506
374.00 -2690316.365191 -4556891.130768 3613306.707122 316.750638 798.487489 -200.652479
375.00 -2690005.035437 -4556112.542787 3613113.038194 305.737014 758.505295 -186.630109
376.00 -2689701.091580 -4555362.025516 3612928.281880 303.095895 745.684058 -184.267368
377.00 -2689398.347408 -4554619.558804 3612743.743829 303.525081 742.316263 -186.048309
378.00 -2689093.170548 -4553874.742186 3612554.976053 306.822029 747.288750 -191.471002
379.00 -2688784.712127 -4553125.051508 3612360.851720 310.078402 752.065268 -196.753706
380.00 -2688473.029901 -4552370.673571 3612161.529340 313.275032 756.659152 -201.861113
381.00 -2688158.183130 -4551611.816558 3611957.188454 316.398906 761.006209 -206.795914
382.00 -2687840.255805 -4550848.796890 3611748.015256 319.430943 764.967786 -211.455498
383.00 -2687519.437088 -4550082.019178 3611534.592231 322.119589 768.519864 -215.205350
384.00 -2687196.241206 -4549311.896606 3611317.979407 324.161799 771.649681 -217.891953
385.00 -2686871.249923 -4548538.892189 3611098.865979 325.781814 774.261074 -220.366316
386.00 -2686544.741457 -4547763.590621 3610877.118967 327.184755 776.242107 -223.127835
387.00 -2686217.010729 -4546986.635740 3610652.651493 328.205899 777.551945 -225.740513
388.00 -2685888.445003 -4546208.737201 3610425.829939 328.879099 778.107941 -227.774372
389.00 -2685559.356206 -4545430.730549 3610197.395383 329.232483 777.739302 -228.948606
390.00 -2685230.163366 -4544653.601999 3609968.149632 329.050730 776.338547 -229.480303
391.00 -2684901.437818 -4543878.434325 3609738.524883 328.328910 773.792578 -229.707176
392.00 -2684573.671744 -4543106.444406 3609508.958626 327.085550 769.969958 -229.266839
393.00 -2684247.530710 -4542338.948410 3609280.309203 325.102177 764.769939 -227.922448
394.00 -2683923.584562 -4541577.452624 3609053.293264 322.709480 757.934712 -226.006633
395.00 -2683602.432108 -4540823.627244 3608828.657296 319.406831 749.437867 -223.060826
396.00 -2683285.008466 -4540079.191080 3608607.487274 315.331017 739.108737 -219.159886
397.00 -2682972.136402 -4539346.025618 3608390.688272 310.202993 726.915392 -214.223027
398.00 -2682664.858015 -4538626.029216 3608179.404338 304.223753 712.742084 -208.186631
399.00 -2682364.087748 -4537921.159604 3607974.694227 297.156302 696.686021 -201.053848
400.00 -2682070.781259 -4537233.283593 3607777.594921 289.287469 678.787060 -192.965011
401.00 -2681785.818099 -4536564.114854 3607589.115883 280.557812 659.276252 -183.883880
402.00 -2681509.947058 -4535915.177558 3607410.112272 271.039362 638.420418 -173.961541
403.00 -2681243.867643 -4535287.599440 3607241.420062 261.030378 616.604813 -163.316982
404.00 -2680988.070245 -4534682.183914 3607083.784010 250.540432 594.116048 -151.831720
405.00 -2680742.979151 -4534099.493353 3606937.935756 239.548384 571.231422 -139.800000
406.00 -2680508.986218 -4533539.788108 3606804.270062 228.396707 548.180263 -127.477546
407.00 -2680286.245730 -4533003.068672 3606683.028256 217.071782 525.337815 -115.051894
408.00 -2680074.860873 -4532488.865531 3606573.974950 205.774900 503.193858 -103.203563
409.00 -2679874.552759 -4531996.378523 3606476.229257 194.886223 481.956623 -92.498186
410.00 -2679684.898355 -4531524.606899 3606388.566988 184.522135 461.765575 -83.026657
411.00 -2679505.319254 -4531072.482142 3606309.797985 174.756989 442.663719 -74.687470
412.00 -2679335.141744 -4530638.934327 3606238.855014 165.637507 424.607796 -67.290687
413.00 -2679174.014132 -4530222.952458 3606175.211556 156.664104 407.496021 -59.990875
414.00 -2679021.718892 -4529823.624849 3606118.789732 148.080278 391.353643 -53.025077
415.00 -2678877.233280 -4529439.795073 3606068.491798 141.235248 376.549575 -47.975982
416.00 -2678738.703507 -4529070.082431 3606022.165926 136.039883 363.057634 -44.876374
417.00 -2678604.923073 -4528713.377097 3605978.532177 131.566458 350.480573 -42.416313
418.00 -2678475.485595 -4528368.874027 3605937.330587 127.389011 338.647329 -40.004815
419.00 -2678350.006779 -4528035.817430 3605898.389460 123.630962 327.606189 -37.965520
420.00 -2678228.053931 -4527713.384680 3605861.180792 120.352910 317.395426 -36.578005
421.00 -2678109.192114 -4527400.749829 3605825.036570 117.423017 308.024807 -35.786423
422.00 -2677993.063880 -4527097.027207 3605789.530607 114.884180 299.568831 -35.252807
423.00 -2677879.347048 -4526801.283387 3605754.446436 112.597670 292.096500 -34.949720
424.00 -2677767.760657 -4526512.517460 3605719.595136 110.638599 285.571643 -34.774781
425.00 -2677657.994478 -4526229.937049 3605684.874572 108.907792 279.666119 -34.670277
426.00 -2677549.895234 -4525953.043321 3605650.259130 107.326764 274.184668 -34.568101
427.00 -2677443.285581 -4525681.442049 3605615.706103 105.910141 269.067752 -34.578076
428.00 -2677338.060906 -4525414.828140 3605581.083584 104.557108 264.187140 -34.641595
429.00 -2677234.143587 -4525153.022790 3605546.473636 103.289003 259.449276 -34.565412
430.00 -2677131.484576 -4524895.864650 3605511.942781 102.036564 254.905893 -34.505241
431.00 -2677030.046160 -4524643.140011 3605477.425607 100.854631 250.579849 -34.542213
432.00 -2676929.780167 -4524394.636352 3605442.829374 99.655554 246.465988 -34.636612
433.00 -2676830.747403 -4524150.138881 3605408.209103 98.349642 242.642088 -34.270308
434.00 -2676733.227353 -4523910.354215 3605374.220967 96.122521 234.534613 -34.937375
435.00 -2676638.753932 -4523682.517487 3605337.499319 92.753289 221.163766 -38.411634
436.00 -2676547.826727 -4523467.633047 3605297.855035 89.018621 208.812709 -40.732527
437.00 -2676460.936499 -4523264.981980 3605256.182603 84.716552 196.216652 -42.759430
438.00 -2676378.242303 -4523075.154244 3605212.008759 80.640506 183.407782 -45.407494
439.00 -2676299.761367 -4522897.738232 3605165.862096 76.356421 171.525685 -46.869275
440.00 -2676225.513744 -4522732.203991 3605118.276648 72.199393 159.617969 -48.177506
441.00 -2676155.391005 -4522578.357548 3605069.742434 67.961446 147.881303 -48.840364
442.00 -2676089.554884 -4522436.236171 3605020.710612 63.768419 136.647790 -49.133614
443.00 -2676027.928636 -4522304.930604 3604971.738504 59.486624 125.884669 -48.765538
444.00 -2675970.615350 -4522184.586504 3604923.321354 55.219553 115.138727 -48.003915
445.00 -2675917.261463 -4522074.153877 3604875.777542 51.446248 105.595378 -46.985219
446.00 -2675867.690726 -4521973.389859 3604829.433693 47.759354 96.153744 -45.637692
447.00 -2675821.647990 -4521881.512952 3604784.678125 44.257564 87.593830 -43.780867
448.00 -2675779.295981 -4521798.391455 3604742.024965 40.371801 78.582116 -41.365004
449.00 -2675740.944957 -4521724.276889 3604702.188957 36.440890 69.837345 -38.394401
450.00 -2675706.467676 -4521658.754383 3604665.277209 32.445467 61.083425 -35.339277
451.00 -2675676.327919 -4521602.631682 3604631.973071 27.783980 51.204105 -31.162381
452.00 -2675650.724772 -4521555.660919 3604602.809104 23.602672 42.983827 -27.314241
453.00 -2675629.084072 -4521516.736320 3604577.382819 19.643996 34.896586 -23.487238
454.00 -2675611.222211 -4521485.072848 3604555.659403 16.311187 28.821322 -20.162776
455.00 -2675596.463544 -4521459.207483 3604537.161981 13.146756 22.751781 -16.711110
456.00 -2675585.059405 -4521439.653695 3604522.406711 9.697329 16.522184 -12.792134
457.00 -2675576.954777 -4521425.853411 3604511.625496 6.524787 11.128479 -8.803884
458.00 -2675571.965548 -4521417.469479 3604504.893989 3.402858 5.601052 -4.581901
459.00 -2675569.842722 -4521413.941734 3604501.996149 1.326274 2.291471 -1.795068
460.00 -2675568.936313 -4521412.283239 3604500.833584 0.532085 1.050828 -0.596285
461.00 -2675568.464600 -4521411.366631 3604500.321389 1.085121 1.921496 -1.359219
462.00 -2675568.015815 -4521410.539778 3604499.792224 -0.414053 -0.637815 0.622047
463.00 -2675568.421485 -4521411.167837 3604500.395537 -0.038942 -0.014525 0.097506
464.00 -2675568.199677 -4521410.752002 3604500.123924 0.164954 0.307495 -0.212837
465.00 -2675568.275147 -4521410.861574 3604500.221774 -0.166058 -0.273337 0.207877
466.00 -2675568.303271 -4521410.913601 3604500.231065 0.089220 0.133747 -0.161199
467.00 -2675568.258420 -4521410.865531 3604500.121111 -0.032687 -0.091729 -0.011159
468.00 -2675568.299474 -4521410.976301 3604500.119336 -0.007700 -0.058088 -0.047159
469.00 -2675568.278779 -4521410.987070 3604500.036416 0.020040 -0.011168 -0.077816
470.00 -2675568.281752 -4521411.033605 3604499.995904 -0.013772 -0.060549 -0.019144
