#Unix T+0 Time (s)
1768624791.00

# Delta T+ Time (s), ECEF Target Position (m), ECEF Target Velocity (m/s)
-1.00 -2675270.416465 -4521717.524953 3604438.675165 -0.000000 0.000000 0.000000
0.00 -2675270.416465 -4521717.524953 3604438.675165 -0.000000 0.000000 0.000000
1.00 -2675271.004062 -4521718.520718 3604439.472177 -1.198797 -2.030532 1.626985
2.00 -2675272.886543 -4521721.702537 3604442.029335 -2.599564 -4.385859 3.533931
3.00 -2675276.277453 -4521727.410727 3604446.642271 -4.196314 -7.052241 5.711952
4.00 -2675281.299378 -4521735.840087 3604453.482734 -5.857578 -9.824035 7.983762
5.00 -2675288.014967 -4521747.097002 3604462.640751 -7.586317 -12.711457 10.349507
6.00 -2675296.500243 -4521761.309730 3604474.218746 -9.399174 -15.738621 12.825878
7.00 -2675306.834343 -4521778.606463 3604488.318172 -11.275069 -18.863457 15.379668
8.00 -2675319.064640 -4521799.057944 3604504.995247 -13.191447 -22.049388 17.982536
9.00 -2675333.228268 -4521822.723949 3604524.298694 -15.140347 -25.290721 20.630977
10.00 -2675349.358885 -4521849.662892 3604546.276341 -17.126098 -28.596334 23.331509
11.00 -2675367.490714 -4521879.933193 3604570.975118 -19.144790 -31.954637 26.075247
12.00 -2675387.661954 -4521913.583599 3604598.443472 -21.204679 -35.354944 28.870569
13.00 -2675409.906107 -4521950.666436 3604628.725108 -23.282859 -38.828406 31.692760
14.00 -2675434.220232 -4521991.285749 3604661.822500 -25.341748 -42.439265 34.498712
15.00 -2675460.578242 -4522035.597403 3604697.709531 -27.368662 -46.210907 37.269049
16.00 -2675488.947803 -4522083.760596 3604736.350247 -29.366032 -50.143197 40.008762
17.00 -2675519.299920 -4522135.933739 3604777.716724 -31.333656 -54.229179 42.719829
18.00 -2675551.606663 -4522192.270794 3604821.781446 -33.275870 -58.471471 45.405715
19.00 -2675585.841278 -4522252.922810 3604868.515482 -35.189482 -62.858301 48.057778
20.00 -2675621.977797 -4522318.038326 3604917.887521 -37.079479 -67.398146 50.681433
21.00 -2675659.993101 -4522387.770724 3604969.869017 -38.947774 -72.093394 53.277630
22.00 -2675699.861891 -4522462.268183 3605024.427548 -40.786631 -76.927966 55.835395
23.00 -2675741.559893 -4522541.676749 3605081.529710 -42.605340 -81.912383 58.363030
24.00 -2675785.068749 -4522626.145487 3605141.145610 -44.410670 -87.051320 60.864822
25.00 -2675830.377287 -4522715.828498 3605203.249319 -46.203234 -92.337661 63.337033
26.00 -2675877.472182 -4522810.872912 3605267.812929 -47.983100 -97.774100 65.785264
27.00 -2675926.340399 -4522911.428835 3605334.814117 -49.749315 -103.359366 68.211562
28.00 -2675976.967277 -4523017.642814 3605404.230032 -51.501701 -109.092774 70.616799
29.00 -2676029.338504 -4523129.661205 3605476.040230 -53.238492 -114.970145 73.002091
30.00 -2676083.438088 -4523247.631278 3605550.228625 -54.957738 -120.994771 75.372506
31.00 -2676139.248869 -4523371.701154 3605626.780812 -56.661284 -127.171721 77.730686
32.00 -2676196.754851 -4523502.026196 3605705.686186 -58.347813 -133.505431 80.079057
33.00 -2676255.938315 -4523638.765518 3605786.935742 -60.013945 -139.996850 82.416665
34.00 -2676316.774746 -4523782.071163 3605870.515286 -61.655640 -146.641399 84.740896
35.00 -2676379.242956 -4523932.101168 3605956.413146 -63.277185 -153.445544 87.052119
36.00 -2676443.322488 -4524089.015878 3606044.612695 -64.879942 -160.413527 89.344066
37.00 -2676508.998811 -4524252.984030 3606135.090990 -66.470533 -167.550219 91.605958
38.00 -2676576.261991 -4524424.173898 3606227.811372 -68.056067 -174.859572 93.827735
39.00 -2676645.109982 -4524602.754735 3606322.725821 -69.641257 -182.331331 95.991608
40.00 -2676715.549131 -4524788.894141 3606419.773466 -71.241222 -189.978861 98.093256
41.00 -2676787.599630 -4524982.767111 3606518.885088 -72.864351 -197.796885 100.116721
42.00 -2676861.287595 -4525184.547112 3606619.979424 -74.516785 -205.793193 102.058274
43.00 -2676936.643729 -4525394.411267 3606722.972983 -76.199344 -213.961350 103.913216
44.00 -2677013.697150 -4525612.527581 3606827.778005 -77.913001 -222.299423 105.682320
45.00 -2677092.483349 -4525839.067099 3606934.308024 -79.665384 -230.807205 107.362119
46.00 -2677173.038075 -4526074.194477 3607042.470178 -81.448197 -239.473837 108.946342
47.00 -2677255.387048 -4526318.068559 3607152.169727 -83.251706 -248.299598 110.437100
48.00 -2677339.540338 -4526570.827664 3607263.309288 -85.053924 -257.232356 111.824767
49.00 -2677425.496516 -4526832.561202 3607375.787132 -86.859723 -266.252723 113.116789
50.00 -2677513.255050 -4527103.361028 3607489.509888 -88.653764 -275.363307 114.313160
51.00 -2677602.561935 -4527382.671379 3607604.108685 -89.705732 -282.575945 114.578059
52.00 -2677692.391787 -4527667.775069 3607718.345131 -89.899500 -287.484760 113.839864
53.00 -2677782.331020 -4527957.577821 3607831.771180 -89.975386 -292.129812 113.010251
54.00 -2677872.477243 -4528252.477719 3607944.500743 -90.518556 -298.284277 112.662850
55.00 -2677963.645652 -4528555.025416 3608057.372689 -91.857369 -306.965266 113.102272
56.00 -2678056.192966 -4528866.491642 3608170.659084 -93.237035 -316.007303 113.449233
57.00 -2678150.119628 -4529187.122397 3608284.243178 -94.613782 -325.287042 113.709172
58.00 -2678245.411655 -4529517.121380 3608398.053097 -95.964741 -334.736184 113.893952
59.00 -2678342.040157 -4529856.648036 3608511.992967 -97.288799 -344.342130 113.964621
60.00 -2678439.984225 -4530205.857994 3608625.943991 -98.595638 -354.099484 113.918442
61.00 -2678539.235676 -4530564.926115 3608739.804872 -99.914428 -364.094451 113.795361
62.00 -2678639.813699 -4530934.120744 3608853.504189 -101.241080 -374.333661 113.587362
63.00 -2678741.715994 -4531313.662720 3608966.945712 -102.562606 -384.781557 113.277736
64.00 -2678844.934390 -4531703.731545 3609080.020189 -103.865617 -395.363585 112.846536
65.00 -2678949.436808 -4532104.428877 3609192.595687 -105.141179 -406.072855 112.289057
66.00 -2679055.215687 -4532515.946811 3609304.561367 -106.414067 -416.995211 111.623278
67.00 -2679162.258810 -4532938.496799 3609415.804622 -107.668930 -428.148044 110.844702
68.00 -2679270.548121 -4533372.340523 3609526.213937 -108.906619 -439.591346 109.956323
69.00 -2679380.056707 -4533817.750576 3609635.675733 -110.099622 -451.253964 108.944731
70.00 -2679490.725598 -4534274.898512 3609744.059310 -111.228646 -463.079234 107.803097
71.00 -2679602.492790 -4534743.984289 3609851.243602 -112.295113 -475.136756 106.547285
72.00 -2679715.296828 -4535225.279869 3609957.119565 -113.299139 -487.497949 105.185024
73.00 -2679829.055110 -4535719.036671 3610061.567710 -114.200037 -500.041367 103.688038
74.00 -2679943.667860 -4536225.426993 3610164.450361 -115.017416 -512.800409 102.059931
75.00 -2680059.072924 -4536744.763644 3610265.652690 -115.781280 -525.926612 100.325063
76.00 -2680175.203977 -4537277.376098 3610365.058695 -116.465121 -539.342701 98.465423
77.00 -2680291.969621 -4537823.536743 3610462.541429 -117.047208 -553.011433 96.477521
78.00 -2680409.256957 -4538383.444176 3610557.964331 -117.510058 -566.844107 94.346365
79.00 -2680526.941554 -4538957.298532 3610651.190011 -117.820541 -580.909076 92.084936
80.00 -2680644.873701 -4539545.380606 3610742.095880 -118.080591 -595.310114 89.704189
81.00 -2680763.263805 -4540148.006696 3610830.543045 -118.795894 -609.973072 87.157001
82.00 -2680882.631493 -4540765.357739 3610916.336291 -120.007885 -624.731489 84.391238
83.00 -2681003.399120 -4541397.487668 3610999.251048 -121.581286 -639.543400 81.400760
84.00 -2681125.892746 -4542044.491826 3611079.060699 -123.452234 -654.502711 78.179397
85.00 -2681250.388244 -4542706.566410 3611155.528913 -125.577318 -669.677699 74.716155
86.00 -2681377.136176 -4543383.943839 3611228.417817 -127.966960 -685.136400 71.027537
87.00 -2681506.412316 -4544076.938963 3611297.512964 -130.622129 -700.877635 67.120995
88.00 -2681638.451170 -4544785.741952 3611362.572565 -133.495764 -716.771826 62.957952
89.00 -2681773.483320 -4545510.580665 3611423.351818 -136.601380 -732.949761 58.560970
90.00 -2681911.706905 -4546251.705531 3611479.612242 -139.870345 -749.323632 53.919757
91.00 -2682053.273401 -4547009.270553 3611531.112133 -143.286314 -765.823755 49.037749
92.00 -2682198.332050 -4547783.417048 3611577.600482 -146.865615 -782.529607 43.897896
93.00 -2682347.070665 -4548574.439961 3611618.829812 -150.639056 -799.558250 38.520685
94.00 -2682499.647401 -4549382.580405 3611654.556965 -154.531195 -816.746793 32.890351
95.00 -2682656.174503 -4550208.019920 3611684.523267 -158.540583 -834.178532 26.996459
96.00 -2682816.755974 -4551051.030648 3611708.454243 -162.630457 -851.875635 20.818875
97.00 -2682981.456587 -4551911.846728 3611726.072364 -166.780486 -869.792998 14.372411
98.00 -2683150.339194 -4552790.705435 3611737.103506 -170.999524 -887.978207 7.640732
99.00 -2683323.484756 -4553687.871357 3611741.256701 -175.312262 -906.397636 0.615321
100.00 -2683500.964874 -4554603.567073 3611738.240277 -179.620298 -925.024909 -6.686073
101.00 -2683682.629733 -4555538.005998 3611727.826787 -183.652580 -943.902074 -14.166881
102.00 -2683868.176004 -4556491.528331 3611709.845942 -187.400368 -963.230859 -21.827331
103.00 -2684057.355391 -4557464.620512 3611684.108812 -190.917340 -983.013881 -29.676646
104.00 -2684249.923501 -4558457.670463 3611650.434946 -194.175469 -1003.148675 -37.699763
105.00 -2684445.614548 -4559471.012583 3611608.656248 -197.162369 -1023.587459 -45.884719
106.00 -2684644.157313 -4560504.935494 3611558.608760 -199.881324 -1044.315257 -54.240389
107.00 -2684845.298365 -4561559.753139 3611500.114681 -202.362080 -1065.373567 -62.777943
108.00 -2685048.812255 -4562635.828642 3611432.989353 -204.631225 -1086.850933 -71.503543
109.00 -2685254.489649 -4563733.566897 3611357.050665 -206.690161 -1108.682400 -80.402144
110.00 -2685462.129982 -4564853.312661 3611272.125822 -208.556493 -1130.845275 -89.475126
111.00 -2685671.539222 -4565995.320682 3611178.042487 -210.235925 -1153.218362 -98.723461
112.00 -2685882.552529 -4567159.843077 3611074.614924 -211.768383 -1175.876758 -108.164241
113.00 -2686095.046167 -4568347.225272 3610961.639264 -213.206588 -1198.963794 -117.825634
114.00 -2686308.941724 -4569557.906870 3610838.889009 -214.570342 -1222.444963 -127.708700
115.00 -2686524.163536 -4570792.192400 3610706.152097 -215.871817 -1246.199171 -137.807647
116.00 -2686740.689821 -4572050.435888 3610563.185962 -217.185823 -1270.343562 -148.169602
117.00 -2686958.541736 -4573332.945675 3610409.724821 -218.519739 -1294.697238 -158.796439
118.00 -2687177.732128 -4574639.897268 3610245.502278 -219.860526 -1319.249217 -169.694939
119.00 -2687398.265737 -4575971.583859 3610070.232206 -221.207817 -1344.207062 -180.899236
120.00 -2687620.134235 -4577328.407327 3609883.609411 -222.519408 -1369.484789 -192.392047
121.00 -2687843.282295 -4578710.643815 3609685.356879 -223.764514 -1395.036939 -204.159420
122.00 -2688067.634569 -4580118.578902 3609475.196660 -224.923465 -1420.887200 -216.209718
123.00 -2688293.094566 -4581552.538644 3609252.836024 -225.981364 -1447.114153 -228.567235
124.00 -2688519.562145 -4583012.960196 3609017.954957 -226.928475 -1473.767572 -241.239305
125.00 -2688746.903474 -4584500.177764 3608770.263381 -227.730343 -1500.717733 -254.189854
126.00 -2688974.980322 -4586014.502239 3608509.486861 -228.405897 -1527.985189 -267.403007
127.00 -2689203.696410 -4587556.285537 3608235.382457 -229.024191 -1555.639464 -280.833115
128.00 -2689433.041969 -4589125.911147 3607947.779273 -229.682357 -1583.693035 -294.388656
129.00 -2689663.112886 -4590723.887444 3607646.576696 -230.492913 -1612.372878 -308.025668
130.00 -2689894.095653 -4592350.835878 3607331.727685 -231.500574 -1641.569785 -321.662102
131.00 -2690126.165880 -4594007.109644 3607003.272181 -232.664180 -1671.033184 -335.245722
132.00 -2690358.989812 -4595689.479971 3606662.025222 -232.266453 -1688.407565 -346.063754
133.00 -2690589.559467 -4597375.770331 3606312.954709 -228.718188 -1683.078398 -351.830933
134.00 -2690816.393637 -4599055.397983 3605958.419320 -224.950336 -1676.177580 -357.239297
135.00 -2691041.563498 -4600743.394765 3605595.070285 -221.326109 -1670.352970 -362.886979
136.00 -2691261.031464 -4602410.479786 3605229.442051 -217.600426 -1663.748481 -368.353511
137.00 -2691476.754813 -4604070.820563 3604858.380431 -213.841525 -1656.898926 -373.761450
138.00 -2691688.713920 -4605724.271527 3604481.921759 -210.076833 -1650.003653 -379.155416
139.00 -2691896.908883 -4607370.829039 3604100.070556 -206.313120 -1643.112023 -384.546510
140.00 -2692101.340542 -4609010.496634 3603712.829702 -202.550320 -1636.223715 -389.934717
141.00 -2692302.009890 -4610643.277447 3603320.202087 -198.788386 -1629.338479 -395.320030
142.00 -2692498.917664 -4612269.174489 3602922.190611 -195.027269 -1622.456070 -400.702437
143.00 -2692692.202581 -4613889.406075 3602518.520569 -191.712061 -1619.567679 -406.994919
144.00 -2692882.392296 -4615509.056647 3602108.019629 -188.650684 -1619.726634 -414.013833
145.00 -2693069.490291 -4617128.928523 3601690.456711 -185.545790 -1620.077781 -421.136208
146.00 -2693253.504138 -4618749.313803 3601265.707496 -182.500588 -1620.727190 -428.375350
147.00 -2693434.533996 -4620370.393507 3600833.701431 -179.580135 -1621.432171 -435.636907
148.00 -2693612.704929 -4621992.184791 3600394.431929 -176.778283 -1622.141449 -442.899250
149.00 -2693788.116691 -4623614.659372 3599947.907223 -174.053945 -1622.818490 -450.155530
150.00 -2693960.818408 -4625237.834414 3599494.111126 -171.346207 -1623.526385 -457.440515
151.00 -2694130.799693 -4626861.710501 3599033.014016 -168.611071 -1624.239960 -464.763854
152.00 -2694298.028624 -4628486.336540 3598564.567878 -165.844717 -1625.025130 -472.136715
153.00 -2694462.491442 -4630111.771908 3598088.727317 -163.083864 -1625.848872 -479.547460
154.00 -2694624.206220 -4631738.025995 3597605.473086 -160.352188 -1626.662660 -486.963130
155.00 -2694783.206314 -4633365.121366 3597114.787311 -157.648050 -1627.527983 -494.411783
156.00 -2694939.501025 -4634993.087621 3596616.639991 -154.937983 -1628.402220 -501.887929
157.00 -2695093.074829 -4636621.947034 3596110.996291 -152.204829 -1629.318280 -509.404670
158.00 -2695243.904076 -4638251.725335 3595597.820861 -149.453093 -1630.247106 -516.955006
159.00 -2695391.986876 -4639882.466647 3595077.069409 -146.716676 -1631.253353 -524.558562
160.00 -2695537.341550 -4641514.248724 3594548.689591 -143.995517 -1632.321670 -532.207829
161.00 -2695679.981291 -4643147.121205 3594012.643848 -141.284209 -1633.427532 -539.887676
162.00 -2695819.909787 -4644781.108818 3593468.907490 -138.571192 -1634.541266 -547.586223
163.00 -2695957.123155 -4646416.208105 3592917.459548 -135.854558 -1635.667713 -555.316688
164.00 -2696091.611991 -4648052.437559 3592358.266092 -133.122343 -1636.807487 -563.082510
165.00 -2696223.360465 -4649689.799160 3591791.284883 -130.375144 -1637.923048 -570.888740
166.00 -2696352.365927 -4651328.301942 3591216.470874 -127.637442 -1639.099309 -578.750191
167.00 -2696478.630716 -4652967.967444 3590633.786754 -124.891356 -1640.229181 -586.620525
168.00 -2696602.150062 -4654608.786781 3590043.214440 -122.143866 -1641.407985 -594.527096
169.00 -2696722.916775 -4656250.809375 3589444.717221 -119.387532 -1642.633497 -602.470088
170.00 -2696840.920940 -4657894.037810 3588838.269156 -116.619203 -1643.821235 -610.430662
171.00 -2696956.156245 -4659538.459707 3588223.843557 -113.852487 -1645.020899 -618.425828
172.00 -2697068.627267 -4661184.081050 3587601.406063 -111.088947 -1646.220383 -626.454024
173.00 -2697178.333424 -4662830.905953 3586970.925216 -108.323245 -1647.440832 -634.517552
174.00 -2697285.267642 -4664478.940724 3586332.365806 -105.542662 -1648.627075 -642.608406
175.00 -2697389.415149 -4666128.182861 3585685.689219 -102.751080 -1649.872396 -650.755887
176.00 -2697490.764484 -4667778.661784 3585030.854580 -99.948875 -1651.107594 -658.925186
177.00 -2697589.316547 -4669430.383292 3584367.837869 -97.159752 -1652.356809 -667.119235
178.00 -2697685.086954 -4671083.379185 3583696.610618 -94.380739 -1653.631799 -675.337812
179.00 -2697778.077872 -4672737.651776 3583017.148982 -91.599430 -1654.913330 -683.591748
180.00 -2697868.281998 -4674393.219077 3582329.406489 -88.803851 -1656.212210 -691.898550
181.00 -2697955.649131 -4676049.809007 3581633.435867 -86.015267 -1657.748780 -700.346334
182.00 -2698040.269598 -4677708.374654 3580928.824035 -83.223753 -1659.375208 -708.881401
183.00 -2698122.096472 -4679368.559154 3580215.662469 -80.432480 -1661.008404 -717.451074
184.00 -2698201.136363 -4681030.395279 3579493.917803 -77.646545 -1662.657433 -726.037594
185.00 -2698277.388804 -4682693.888467 3578763.577556 -74.857357 -1664.343018 -734.650067
186.00 -2698350.844925 -4684359.079697 3578024.611750 -72.052153 -1666.048199 -743.290977
187.00 -2698421.485162 -4686025.961502 3577276.991474 -69.226302 -1667.729437 -751.965084
188.00 -2698489.298820 -4687694.547583 3576520.660695 -66.403489 -1669.443894 -760.703953
189.00 -2698554.295439 -4689364.843796 3575755.574134 -63.594191 -1671.164036 -769.480417
190.00 -2698616.491251 -4691036.859761 3574981.700201 -60.801179 -1672.882259 -778.276142
191.00 -2698675.899598 -4692710.619978 3574199.016055 -58.014987 -1674.646029 -787.098244
192.00 -2698732.513103 -4694386.139211 3573407.499987 -55.208400 -1676.401421 -795.943789
193.00 -2698786.307353 -4696063.436965 3572607.110043 -52.375293 -1678.193788 -804.842860
194.00 -2698837.263113 -4697742.535797 3571797.796612 -49.535478 -1679.976123 -813.781079
195.00 -2698885.382718 -4699423.405629 3570979.523133 -46.705276 -1681.775208 -822.778762
196.00 -2698930.675732 -4701106.083495 3570152.228320 -43.883662 -1683.603373 -831.826355
197.00 -2698973.146521 -4702790.592057 3569315.873647 -41.057512 -1685.425922 -840.888319
198.00 -2699012.788841 -4704476.928312 3568470.453810 -38.221911 -1687.236404 -849.945362
199.00 -2699049.586247 -4706165.096449 3567615.962997 -35.372346 -1689.109608 -859.049440
200.00 -2699083.532617 -4707855.146458 3566752.334246 -32.519990 -1690.977668 -868.214281
201.00 -2699114.627645 -4709547.049817 3565879.511718 -29.672007 -1692.824591 -877.438148
202.00 -2699142.881924 -4711240.807216 3564997.437859 -26.835967 -1694.690281 -886.713031
203.00 -2699168.299349 -4712936.446824 3564106.076832 -23.998302 -1696.597620 -896.012897
204.00 -2699190.871693 -4714634.009353 3563205.408939 -21.143336 -1698.529842 -905.326103
205.00 -2699210.579411 -4716333.513201 3562295.409028 -18.270446 -1700.491882 -914.685560
206.00 -2699227.406947 -4718034.979395 3561376.026650 -15.384480 -1702.453785 -924.094900
207.00 -2699241.344893 -4719738.401304 3560447.210007 -12.490212 -1704.396483 -933.552857
208.00 -2699252.390292 -4721443.779601 3559508.901232 -9.601477 -1706.364180 -943.071729
209.00 -2699260.548975 -4723151.138655 3558561.059914 -6.714817 -1708.346478 -952.606577
210.00 -2699265.817526 -4724860.478615 3557603.683635 -3.819689 -1710.337014 -962.148836
211.00 -2699268.184700 -4726571.805915 3556636.759459 -0.914785 -1712.331289 -971.711867
212.00 -2699267.648527 -4728285.163829 3555660.226952 1.988585 -1714.371884 -981.361695
213.00 -2699264.205555 -4730000.537994 3554674.012605 4.897881 -1716.368015 -991.075891
214.00 -2699257.853175 -4731717.900265 3553678.057056 7.807767 -1718.360298 -1000.843302
215.00 -2699248.585690 -4733437.268305 3552672.315402 10.728469 -1720.389460 -1010.648886
216.00 -2699236.390898 -4735158.673030 3551656.765998 13.663899 -1722.433642 -1020.456561
217.00 -2699221.256493 -4736882.136369 3550631.398307 16.603108 -1724.505540 -1030.290980
218.00 -2699203.182749 -4738607.687476 3549596.165749 19.544572 -1726.594104 -1040.181963
219.00 -2699182.166595 -4740335.317394 3548551.011098 22.487194 -1728.668519 -1050.143011
220.00 -2699158.208852 -4742065.016484 3547495.857133 25.429270 -1730.724798 -1060.173683
221.00 -2699131.306829 -4743796.770513 3546430.649006 28.376228 -1732.781810 -1070.243076
222.00 -2699101.455053 -4745530.603000 3545355.364269 31.329243 -1734.882136 -1080.322988
223.00 -2699068.642817 -4747266.539445 3544270.005304 34.299020 -1736.984901 -1090.393166
224.00 -2699032.855389 -4749004.605606 3543174.555159 37.278474 -1739.144491 -1100.515713
225.00 -2698994.082056 -4750744.807212 3542068.957156 40.268455 -1741.266236 -1110.699734
226.00 -2698952.320705 -4752487.153427 3540953.116385 43.254824 -1743.423061 -1120.993231
227.00 -2698907.573712 -4754231.646924 3539826.953540 46.238183 -1745.578701 -1131.347426
228.00 -2698859.839146 -4755978.301585 3538690.421670 49.231867 -1747.731105 -1141.717911
229.00 -2698809.107594 -4757727.102925 3537543.520393 52.232557 -1749.892803 -1152.095781
230.00 -2698755.367004 -4759478.086905 3536386.227991 55.249962 -1752.080367 -1162.493028
231.00 -2698698.602522 -4761231.275340 3535218.516826 58.281136 -1754.298699 -1172.940209
232.00 -2698638.804356 -4762986.664450 3534040.332323 61.313675 -1756.496467 -1183.452134
233.00 -2698575.975764 -4764744.266692 3532851.584291 64.342839 -1758.700369 -1194.051916
234.00 -2698510.118411 -4766504.047807 3531652.219795 67.371815 -1760.868253 -1204.685714
235.00 -2698441.230125 -4768266.027538 3530442.191153 70.406420 -1763.082899 -1215.363724
236.00 -2698369.298556 -4770030.228596 3529221.490561 73.461299 -1765.318253 -1226.035303
237.00 -2698294.303116 -4771796.672861 3527990.109496 76.530279 -1767.578334 -1236.739909
238.00 -2698216.235927 -4773565.380855 3526747.987977 79.603839 -1769.830824 -1247.512476
239.00 -2698135.096431 -4775336.330570 3525495.052821 82.674512 -1772.055773 -1258.364843
240.00 -2698050.888713 -4777109.514608 3524231.222816 85.741189 -1774.313497 -1269.303038
241.00 -2697963.614223 -4778884.974313 3522956.431323 88.807715 -1776.604374 -1280.278954
242.00 -2697873.274202 -4780662.721741 3521670.668250 91.877356 -1778.892292 -1291.248179
243.00 -2697779.853630 -4782442.773499 3520373.918054 94.969838 -1781.200164 -1302.252787
244.00 -2697683.323603 -4784225.132322 3519066.134062 98.095361 -1783.525218 -1313.332506
245.00 -2697583.653232 -4786009.796750 3517747.247216 101.247434 -1785.804218 -1324.453552
246.00 -2697480.834637 -4787796.781812 3516417.176481 104.386289 -1788.155869 -1335.691305
247.00 -2697374.886702 -4789586.089153 3515075.862371 107.504515 -1790.464538 -1346.942346
248.00 -2697265.828173 -4791377.692019 3513723.297898 110.610162 -1792.775122 -1358.212230
249.00 -2697153.664427 -4793171.652682 3512359.425051 113.720458 -1795.143330 -1369.536799
250.00 -2697038.378384 -4794967.970676 3510984.214053 116.856592 -1797.497867 -1380.898855
251.00 -2696919.938570 -4796766.637382 3509597.609892 120.029055 -1799.838252 -1392.324838
252.00 -2696798.311876 -4798567.664733 3508199.532304 123.226387 -1802.213265 -1403.836390
253.00 -2696673.483929 -4800371.054485 3506789.930328 126.426469 -1804.570438 -1415.373687
254.00 -2696545.471074 -4802176.837351 3505368.755215 129.596227 -1806.985501 -1426.974734
255.00 -2696414.301995 -4803985.015673 3503935.973724 132.740440 -1809.376942 -1438.599935
256.00 -2696279.984533 -4805795.594169 3502491.536941 135.901582 -1811.775390 -1450.280096
257.00 -2696142.483257 -4807608.575434 3501035.386805 139.109670 -1814.182053 -1462.027643
258.00 -2696001.755703 -4809423.975236 3499567.447919 142.351376 -1816.611367 -1473.852401
259.00 -2695857.775524 -4811241.804530 3498087.666307 145.607880 -1819.055669 -1485.722150
260.00 -2695710.543585 -4813062.089931 3496595.989086 148.852155 -1821.510491 -1497.634777
261.00 -2695560.078845 -4814884.834436 3495092.374350 152.075684 -1823.983007 -1509.606247
262.00 -2695406.389084 -4816710.035681 3493576.771814 155.306658 -1826.422119 -1521.610208
263.00 -2695249.458467 -4818537.694167 3492049.123764 158.560048 -1828.876837 -1533.681362
264.00 -2695089.259664 -4820367.780547 3490509.399415 161.841968 -1831.309816 -1545.785110
265.00 -2694925.769321 -4822200.305307 3488957.546041 165.139325 -1833.720754 -1557.913442
266.00 -2694758.984100 -4824035.272329 3487393.525756 168.429853 -1836.210986 -1570.128287
267.00 -2694588.914393 -4825872.748626 3485817.265189 171.710175 -1838.743964 -1582.400390
268.00 -2694415.557788 -4827712.754708 3484228.706446 175.006301 -1841.246386 -1594.714376
269.00 -2694238.896716 -4829555.265930 3482627.793611 178.317363 -1843.786421 -1607.132209
270.00 -2694058.924088 -4831400.291209 3481014.451460 181.628441 -1846.280440 -1619.573834
271.00 -2693875.640536 -4833247.830507 3479388.629092 184.939794 -1848.795062 -1632.075685
272.00 -2693689.041416 -4835097.867349 3477750.297691 188.261237 -1851.292589 -1644.603998
273.00 -2693499.107046 -4836950.406456 3476099.418725 191.615131 -1853.801388 -1657.169456
274.00 -2693305.803123 -4838805.483474 3474435.934103 194.993572 -1856.358121 -1669.811486
275.00 -2693109.116878 -4840663.135454 3472759.769398 198.379010 -1858.956276 -1682.535411
276.00 -2692909.042734 -4842523.377230 3471070.856802 201.771358 -1861.529177 -1695.305184
277.00 -2692705.573232 -4844386.186877 3469369.134643 205.168974 -1864.094298 -1708.157760
278.00 -2692498.703603 -4846251.575186 3467654.511423 208.569578 -1866.676502 -1721.089726
279.00 -2692288.437306 -4848119.530607 3465926.958213 211.960848 -1869.247819 -1734.025653
280.00 -2692074.788964 -4849990.092915 3464186.449029 215.332578 -1871.869102 -1746.984487
281.00 -2691857.778702 -4851863.286465 3462432.976964 218.687917 -1874.527903 -1759.974008
282.00 -2691637.405415 -4853739.123401 3460666.493126 222.064804 -1877.144569 -1773.009892
283.00 -2691413.634066 -4855617.568657 3458886.922478 225.484835 -1879.728548 -1786.138868
284.00 -2691186.430164 -4857498.600766 3457094.163837 228.920399 -1882.323945 -1799.381988
285.00 -2690955.802418 -4859382.221155 3455288.141203 232.328585 -1884.932836 -1812.676370
286.00 -2690721.788854 -4861268.469550 3453468.813576 235.691642 -1887.567500 -1825.974857
287.00 -2690484.427688 -4863157.400345 3451636.161122 239.032683 -1890.301410 -1839.334331
288.00 -2690243.709058 -4865049.073047 3449790.146444 242.412674 -1893.042942 -1852.701629
289.00 -2689999.588132 -4866943.469187 3447930.746052 245.836644 -1895.733238 -1866.105588
290.00 -2689752.026213 -4868840.539418 3446057.893517 249.287965 -1898.409398 -1879.620290
291.00 -2689501.013526 -4870740.296298 3444171.469934 252.731050 -1901.099380 -1893.229747
292.00 -2689246.575991 -4872642.742640 3442271.417394 256.142403 -1903.794115 -1906.878334
293.00 -2688988.736552 -4874547.901073 3440357.695072 259.535514 -1906.530336 -1920.577477
294.00 -2688727.500447 -4876455.802833 3438430.260456 262.940766 -1909.282866 -1934.304550
295.00 -2688462.842596 -4878366.474880 3436489.061643 266.383396 -1912.077136 -1948.115270
296.00 -2688194.722167 -4880279.939659 3434534.019237 269.858454 -1914.859995 -1961.990505
297.00 -2687923.134312 -4882196.192798 3432565.051083 273.311076 -1917.639765 -1975.953868
298.00 -2687648.113325 -4884115.227313 3430582.082621 276.723233 -1920.427127 -1989.985387
299.00 -2687369.699697 -4886037.031435 3428585.090691 280.101841 -1923.195155 -2004.012669
300.00 -2687087.906151 -4887961.626570 3426574.040285 283.493021 -1926.006980 -2018.102828
301.00 -2686802.695432 -4889889.045027 3424548.872394 286.937830 -1928.843242 -2032.256980
302.00 -2686514.009232 -4891819.296542 3422509.508564 290.442115 -1931.669366 -2046.495534
303.00 -2686221.806304 -4893752.375173 3420455.864894 293.958708 -1934.491941 -2060.811069
304.00 -2685926.106722 -4895688.277904 3418387.870944 297.429679 -1937.311837 -2075.178830
305.00 -2685626.964486 -4897627.010844 3416305.482706 300.847846 -1940.136706 -2089.585879
306.00 -2685324.420034 -4899568.576098 3414208.662172 304.243355 -1942.996129 -2104.065446
307.00 -2685018.465697 -4901512.988807 3412097.348883 307.676030 -1945.855314 -2118.596004
308.00 -2684709.046302 -4903460.294936 3409971.444325 311.174195 -1948.759542 -2133.224790
309.00 -2684396.105823 -4905410.508092 3407830.892906 314.710627 -1951.680411 -2147.896019
310.00 -2684079.626577 -4907363.676454 3405675.634673 318.246118 -1954.645524 -2162.608092
311.00 -2683759.628477 -4909319.841194 3403505.637051 321.743438 -1957.679647 -2177.384503
312.00 -2683436.142901 -4911279.013788 3401320.883007 325.228455 -1960.689774 -2192.150888
313.00 -2683109.163917 -4913241.244492 3399121.302615 328.736568 -1963.775993 -2207.012098
314.00 -2682778.653686 -4915206.566360 3396906.856488 332.295203 -1966.884130 -2221.895858
315.00 -2682444.554473 -4917175.036889 3394677.484823 335.910357 -1970.055190 -2236.846825
316.00 -2682106.824801 -4919146.666469 3392433.168151 339.547053 -1973.229468 -2251.820974
317.00 -2681765.463363 -4921121.490983 3390173.836910 343.172926 -1976.423068 -2266.848348
318.00 -2681420.486915 -4923099.515282 3387899.474752 346.773952 -1979.615906 -2281.859058
319.00 -2681071.926049 -4925080.770576 3385610.090715 350.344348 -1982.907545 -2296.915404
320.00 -2680719.798541 -4927065.350083 3383305.641335 353.913442 -1986.257323 -2311.979779
321.00 -2680364.088987 -4929053.302993 3380986.119312 357.513722 -1989.659225 -2327.075350
322.00 -2680004.754800 -4931044.671739 3378651.474185 361.164812 -1993.081282 -2342.229813
323.00 -2679641.745230 -4933039.456822 3376301.642365 364.859869 -1996.497470 -2357.456069
324.00 -2679275.033475 -4935037.684387 3373936.524485 368.559015 -1999.962496 -2372.788117
325.00 -2678904.641672 -4937039.378699 3371556.069608 372.216506 -2003.429221 -2388.117355
326.00 -2678530.609300 -4939044.588328 3369160.265110 375.850324 -2007.001460 -2403.490888
327.00 -2678152.932523 -4941053.407908 3366749.083090 379.512901 -2010.652392 -2418.880216
328.00 -2677771.561210 -4943065.912292 3364322.480343 383.239662 -2014.358285 -2434.335811
329.00 -2677386.433816 -4945082.108015 3361880.405563 387.018699 -2018.031353 -2449.820408
330.00 -2676997.516074 -4947101.997852 3359422.796768 390.818744 -2021.773526 -2465.431853
331.00 -2676604.797448 -4949125.672864 3356949.511196 394.616052 -2025.572524 -2481.138030
332.00 -2676208.296005 -4951153.167030 3354460.500809 398.379923 -2029.418411 -2496.879206
333.00 -2675808.041763 -4953184.509634 3351955.760864 402.129938 -2033.275821 -2512.610383
334.00 -2675404.021434 -4955219.731876 3349435.268230 405.921121 -2037.175584 -2528.383687
335.00 -2674996.175991 -4957258.884977 3346898.953764 409.782327 -2041.149310 -2544.279428
336.00 -2674584.443513 -4959302.028626 3344346.690517 413.686748 -2045.145142 -2560.265081
337.00 -2674168.804675 -4961349.175851 3341778.415322 417.586510 -2049.158063 -2576.293585
338.00 -2673749.284858 -4963400.343146 3339194.108781 421.445417 -2053.191305 -2592.331863
339.00 -2673325.913316 -4965455.597026 3336593.714628 425.299928 -2057.327594 -2608.469042
340.00 -2672898.674294 -4967515.007986 3333977.155809 429.188032 -2061.490088 -2624.648758
341.00 -2672467.509487 -4969578.566614 3331344.419263 433.156504 -2065.618668 -2640.819791
342.00 -2672032.341344 -4971646.269940 3328695.476686 437.184971 -2069.769146 -2657.055853
343.00 -2671593.140501 -4973718.109202 3326030.284734 441.213604 -2073.908311 -2673.331032
344.00 -2671149.926310 -4975794.114261 3323348.779495 445.207624 -2078.118388 -2689.695977
345.00 -2670702.739450 -4977874.371754 3320650.876413 449.164760 -2082.402489 -2706.111537
346.00 -2670251.596865 -4979958.943510 3317936.530568 453.127850 -2086.735372 -2722.580019
347.00 -2669796.456988 -4982047.864115 3315205.683078 457.164652 -2091.091644 -2739.104914
348.00 -2669337.242619 -4984141.139521 3312458.293545 461.272809 -2095.461370 -2755.687839
349.00 -2668873.901211 -4986238.819538 3309694.257627 465.406351 -2099.869490 -2772.356864
350.00 -2668406.432987 -4988340.900229 3306913.545024 469.527233 -2104.321495 -2789.105221
351.00 -2667934.857501 -4990447.490191 3304116.012163 473.621358 -2108.880597 -2805.983650
352.00 -2667459.191322 -4992558.651351 3301301.579763 477.712910 -2113.437369 -2822.876906
353.00 -2666979.420798 -4994674.401885 3298470.213364 481.833301 -2118.087353 -2839.884391
354.00 -2666495.508913 -4996794.825934 3295621.798105 485.997530 -2122.755244 -2856.946631
355.00 -2666007.404019 -4998919.936177 3292756.281771 490.219498 -2127.470193 -2874.097958
356.00 -2665515.066091 -5001049.769715 3289873.586268 494.455423 -2132.203516 -2891.298787
357.00 -2665018.505627 -5003184.357089 3286973.667337 498.660758 -2136.988812 -2908.560746
358.00 -2664517.759291 -5005323.753811 3284056.450489 502.829627 -2141.825348 -2925.898724
359.00 -2664012.836583 -5007467.999292 3281121.871742 507.029880 -2146.675646 -2943.274456
360.00 -2663503.661956 -5009617.142344 3278169.860314 511.334944 -2151.629921 -2960.771139
361.00 -2662990.141334 -5011771.252720 3275200.319239 515.713566 -2156.590188 -2978.320377
362.00 -2662472.228860 -5013930.334069 3272213.185463 520.112805 -2161.599799 -2995.985537
363.00 -2661949.927459 -5016094.432427 3269208.354629 524.484416 -2166.610327 -3013.697764
364.00 -2661423.269110 -5018263.595144 3266185.735501 528.831028 -2171.721808 -3031.550332
365.00 -2660892.261239 -5020437.908247 3263145.216747 533.187443 -2176.917360 -3049.493671
366.00 -2660356.880601 -5022617.464469 3260086.726420 537.583994 -2182.214635 -3067.503403
367.00 -2659817.071105 -5024802.349474 3257010.195596 542.046058 -2187.565089 -3085.579400
368.00 -2659272.770114 -5026992.601036 3253915.530826 546.557226 -2192.920793 -3103.754908
369.00 -2658723.965670 -5029188.201317 3250802.632425 551.042910 -2198.280842 -3122.049108
370.00 -2658170.706781 -5031389.184862 3247671.406571 555.458209 -2203.674940 -3140.380662
371.00 -2657613.071877 -5033595.577537 3244521.879685 559.806274 -2209.149874 -3158.697425
372.00 -2657051.099988 -5035807.516499 3241354.003109 564.140378 -2214.745055 -3177.062225
373.00 -2656484.773493 -5038025.078861 3238167.762680 568.525546 -2220.397026 -3195.440319
374.00 -2655914.038063 -5040248.337968 3234963.072216 572.948947 -2226.130491 -3213.973050
375.00 -2655338.883662 -5042477.316616 3231739.791841 577.355704 -2231.833321 -3232.623098
376.00 -2654759.351531 -5044712.008463 3228497.783664 581.692789 -2237.543535 -3251.395222
377.00 -2654175.520332 -5046952.416660 3225236.990483 585.964911 -2243.296122 -3270.206364
378.00 -2653587.422691 -5049198.652841 3221957.336840 590.230215 -2249.179550 -3289.088939
379.00 -2652995.047531 -5051450.830477 3218658.780819 594.521113 -2255.176141 -3308.014502
380.00 -2652398.366601 -5053709.060320 3215341.240882 598.848684 -2261.290242 -3327.082989
381.00 -2651797.343607 -5055973.393576 3212004.613825 603.199515 -2267.397020 -3346.210605
382.00 -2651191.974750 -5058243.890307 3208648.742880 607.530380 -2273.604121 -3365.558407
383.00 -2650582.305227 -5060520.630218 3205273.448264 611.791579 -2279.870886 -3385.028697
384.00 -2649968.409576 -5062803.681554 3201878.633283 615.991794 -2286.231708 -3404.591711
385.00 -2649350.320748 -5065093.153031 3198464.215011 620.192458 -2292.719589 -3424.245000
386.00 -2648728.009190 -5067389.152951 3195030.126778 624.438992 -2299.289420 -3443.942780
387.00 -2648101.429229 -5069691.745692 3191576.311394 628.725555 -2305.900184 -3463.703490
388.00 -2647470.568461 -5072000.949166 3188102.695993 632.982917 -2312.507927 -3483.547528
389.00 -2646835.497298 -5074316.785949 3184609.169350 637.141024 -2319.169613 -3503.514294
390.00 -2646196.309364 -5076639.336801 3181095.628252 641.234552 -2325.955445 -3523.592937
391.00 -2645553.016861 -5078968.700357 3177562.001884 645.362761 -2332.792905 -3543.678578
392.00 -2644905.552859 -5081304.982090 3174008.204940 649.578541 -2339.771915 -3563.921002
393.00 -2644253.845382 -5083648.269826 3170434.110836 653.835741 -2346.818351 -3584.297836
394.00 -2643597.901824 -5085998.604557 3166839.592237 658.033844 -2353.861423 -3604.759140
395.00 -2642937.817696 -5088355.998571 3163224.583056 662.121301 -2360.964186 -3625.292904
396.00 -2642273.687109 -5090720.586688 3159588.981546 666.132473 -2368.251166 -3645.936948
397.00 -2641605.559943 -5093092.493977 3155932.732095 670.125053 -2375.598143 -3666.600980
398.00 -2640933.413241 -5095471.828671 3152255.727345 674.184391 -2383.077296 -3687.428174
399.00 -2640257.159102 -5097858.622988 3148557.873160 678.340433 -2390.501276 -3708.286458
400.00 -2639576.722219 -5100252.885284 3144839.057360 682.527397 -2398.024015 -3729.362930
401.00 -2638892.138961 -5102654.662017 3141099.138305 686.617266 -2405.571849 -3750.521517
402.00 -2638203.536692 -5105064.039492 3137338.009231 690.574701 -2413.205554 -3771.760477
403.00 -2637511.001188 -5107481.127814 3133555.573709 694.497040 -2420.974043 -3793.103907
404.00 -2636814.522185 -5109906.046113 3129751.745020 698.470889 -2428.891696 -3814.589825
405.00 -2636114.034960 -5112338.917856 3125926.367043 702.517749 -2436.866510 -3836.206854
406.00 -2635409.468251 -5114779.776838 3122079.290226 706.617845 -2444.874584 -3857.995752
407.00 -2634700.815140 -5117228.666401 3118210.356645 710.676661 -2452.921525 -3879.893458
408.00 -2633988.142401 -5119685.663494 3114319.473707 714.655539 -2461.116503 -3901.904197
409.00 -2633271.524783 -5122150.950306 3110406.522941 718.569990 -2469.490669 -3924.021727
410.00 -2632551.003384 -5124624.681527 3106471.409285 722.482131 -2478.005128 -3946.246917
411.00 -2631826.542908 -5127107.007633 3102513.961956 726.448416 -2486.639889 -3968.651159
412.00 -2631098.093565 -5129597.953545 3098534.079822 730.454263 -2495.255844 -3991.144620
413.00 -2630365.632276 -5132097.544992 3094531.588674 734.462331 -2503.946510 -4013.881135
414.00 -2629629.187951 -5134605.863238 3090506.284868 738.411013 -2512.700878 -4036.725764
415.00 -2628888.835732 -5137122.988012 3086458.126565 742.284125 -2521.552788 -4059.577607
416.00 -2628144.628716 -5139649.049632 3082387.071558 746.129274 -2530.590192 -4082.547894
417.00 -2627396.563882 -5142184.198958 3078292.995454 750.013818 -2539.738549 -4105.658760
418.00 -2626644.584937 -5144728.530229 3074175.710873 753.948908 -2548.934552 -4128.947945
419.00 -2625888.660066 -5147282.012381 3070035.123700 757.902445 -2558.057593 -4152.277061
420.00 -2625128.789124 -5149844.702217 3065871.079955 761.832983 -2567.353480 -4175.845248
421.00 -2624365.023969 -5152416.733764 3061683.442554 765.683438 -2576.785502 -4199.493166
422.00 -2623597.447329 -5154998.310484 3057472.078132 769.460809 -2586.397319 -4223.262723
423.00 -2622826.106197 -5157589.510059 3053236.916127 773.222225 -2596.012987 -4247.104182
424.00 -2622050.996255 -5160190.408877 3048977.728115 777.002308 -2605.784236 -4271.296259
425.00 -2621272.082260 -5162801.082253 3044694.304184 780.837098 -2615.576571 -4295.566753
426.00 -2620489.303376 -5165421.607211 3040386.543373 784.718807 -2625.497647 -4319.969716
427.00 -2619702.651731 -5168052.123941 3036054.351633 788.574396 -2635.589900 -4344.461713
428.00 -2618912.189184 -5170692.829813 3031697.569872 792.331707 -2645.820227 -4369.114789
429.00 -2618118.022402 -5173343.796423 3027316.029556 795.986388 -2656.125308 -4394.010751
430.00 -2617320.221807 -5176005.100784 3022909.492402 799.621067 -2666.487924 -4419.073804
431.00 -2616518.748829 -5178676.823742 3018477.807580 803.336899 -2676.990769 -4444.338194
432.00 -2615713.532129 -5181359.096821 3014020.814293 807.098523 -2687.603061 -4469.689279
433.00 -2614904.559028 -5184052.095927 3009538.384961 810.838853 -2698.431189 -4495.189033
434.00 -2614091.859865 -5186756.055128 3005030.352054 814.553171 -2709.495989 -4520.882530
435.00 -2613275.466877 -5189471.152729 3000496.511280 818.219311 -2720.654911 -4546.771530
436.00 -2612455.446943 -5192197.337439 2995936.769083 821.810627 -2731.709777 -4572.738687
437.00 -2611631.849979 -5194934.576935 2991350.967350 825.388414 -2742.759641 -4598.880774
438.00 -2610804.656710 -5197682.905090 2986738.928082 829.007530 -2753.938469 -4625.233920
439.00 -2609973.825710 -5200442.538760 2982100.451337 832.651283 -2765.391055 -4651.748185
440.00 -2609139.374529 -5203213.794080 2977435.380384 836.242943 -2777.139983 -4678.388993
441.00 -2608301.362498 -5205996.888424 2972743.611859 839.772237 -2789.051233 -4705.162252
442.00 -2607459.843786 -5208791.928202 2968024.984312 843.262379 -2801.031921 -4732.133864
443.00 -2606614.847290 -5211598.986024 2963279.227677 846.733063 -2813.068093 -4759.403938
444.00 -2605766.367419 -5214418.054242 2958506.129174 850.234671 -2825.109912 -4786.855480
445.00 -2604914.367554 -5217249.317260 2953705.400797 853.767185 -2837.477390 -4814.651829
446.00 -2604058.839045 -5220093.057275 2948876.808430 857.277249 -2850.040480 -4842.553839
447.00 -2603199.847644 -5222949.337083 2944020.399968 860.689142 -2862.541924 -4870.277083
448.00 -2602337.494955 -5225818.150850 2939136.239115 863.999188 -2875.057574 -4898.036820
449.00 -2601471.870597 -5228699.553272 2934224.149698 867.246033 -2887.755883 -4926.178739
450.00 -2600602.988659 -5231593.667831 2929283.808776 870.530884 -2900.525496 -4954.592537
451.00 -2599730.782425 -5234500.590405 2924314.965921 873.893901 -2913.359902 -4983.141036
452.00 -2598855.188413 -5237420.459555 2919317.490574 877.301062 -2926.398816 -5011.796050
453.00 -2597976.188488 -5240353.508063 2914291.288770 880.682896 -2939.741303 -5040.639079
454.00 -2597093.868709 -5243300.026521 2909236.132629 883.931498 -2953.337879 -5069.731031
455.00 -2596208.366818 -5246260.149995 2904151.819466 887.058312 -2966.936334 -5098.956240
456.00 -2595319.746283 -5249233.933189 2899038.120077 890.203538 -2980.672273 -5128.515607
457.00 -2594427.912340 -5252221.540774 2893894.699510 893.480112 -2994.563649 -5158.345941
458.00 -2593532.776593 -5255223.133163 2888721.355406 896.777782 -3008.675691 -5188.396834
459.00 -2592634.411906 -5258239.001970 2883517.830389 899.913037 -3023.068117 -5218.640463
460.00 -2591733.025641 -5261269.410684 2878283.927384 902.838060 -3037.768892 -5249.192793
461.00 -2590828.760630 -5264314.612769 2873019.323255 905.691262 -3052.634054 -5280.037941
462.00 -2589921.628058 -5267374.751833 2867723.689526 908.600699 -3067.696453 -5311.309542
463.00 -2589011.501824 -5270450.025971 2862396.672735 911.668962 -3082.909471 -5342.789610
464.00 -2588098.272379 -5273540.668210 2857038.016891 914.788639 -3098.410179 -5374.537514
465.00 -2587181.962223 -5276646.945112 2851647.533453 917.802900 -3114.190980 -5406.465258
466.00 -2586262.737027 -5279769.100994 2846225.010463 920.612071 -3130.126905 -5438.609125
467.00 -2585340.787491 -5282907.272311 2840770.192311 923.287056 -3146.219602 -5471.042492
468.00 -2584416.146155 -5286061.581718 2835282.781350 926.014735 -3162.423427 -5503.900622
469.00 -2583488.716262 -5289232.048559 2829762.208234 928.861124 -3178.475102 -5537.358091
470.00 -2582558.415681 -5292418.267138 2824208.093561 931.737429 -3193.829331 -5570.830305
471.00 -2581625.258570 -5295619.626790 2818620.512849 934.560556 -3208.901248 -5604.347925
472.00 -2580689.316392 -5298836.182144 2812999.338659 937.318760 -3224.301926 -5638.039091
473.00 -2579750.636214 -5302068.361127 2807344.443125 940.045484 -3240.152390 -5671.781439
474.00 -2578809.200383 -5305316.647561 2801655.708401 942.828398 -3256.471032 -5705.724598
475.00 -2577864.980877 -5308581.405371 2795932.813683 945.607535 -3273.026748 -5740.113847
476.00 -2576918.008688 -5311862.683880 2790175.323089 948.324160 -3289.494066 -5774.929186
477.00 -2575968.357766 -5315160.412907 2784382.776458 950.956565 -3306.005690 -5810.239533
478.00 -2575016.121173 -5318474.827768 2778554.717949 953.513191 -3322.915810 -5845.932672
479.00 -2574061.337980 -5321806.388205 2772690.952245 956.066963 -3340.283694 -5881.568651
480.00 -2573103.956150 -5325155.303484 2766791.878149 958.719093 -3357.067876 -5915.930487
481.00 -2572143.839073 -5328519.605860 2760860.203676 961.547077 -3371.222746 -5947.077417
482.00 -2571180.782058 -5331897.546825 2754897.815333 964.613075 -3384.596189 -5977.725406
483.00 -2570214.529624 -5335288.735045 2748904.641761 967.922970 -3397.764096 -6008.679682
484.00 -2569244.919208 -5338693.074610 2742880.354336 971.288550 -3410.940057 -6039.935503
485.00 -2568272.014322 -5342110.692126 2736824.707898 974.469110 -3424.314440 -6071.320938
486.00 -2567296.101390 -5345541.864091 2730737.677867 977.292563 -3438.130284 -6102.746674
487.00 -2566317.522211 -5348987.151658 2724619.178137 979.833026 -3452.516644 -6134.266943
488.00 -2565336.454396 -5352446.968343 2718469.117272 982.312680 -3467.122701 -6165.862782
489.00 -2564352.838711 -5355921.487221 2712287.252706 984.958542 -3481.907711 -6197.945997
490.00 -2563366.466886 -5359410.747794 2706073.069348 987.796969 -3496.587339 -6230.492966
491.00 -2562377.260733 -5362914.645629 2699826.104399 990.579979 -3511.215862 -6263.506841
492.00 -2561385.393220 -5366433.199771 2693545.977360 993.098694 -3525.957837 -6296.816561
493.00 -2560391.168905 -5369966.722257 2687232.383252 995.305122 -3541.196790 -6330.416095
494.00 -2559394.833577 -5373515.725699 2680885.186484 997.362949 -3556.904467 -6363.996673
495.00 -2558396.414138 -5377080.703665 2674504.296708 999.510332 -3573.121175 -6397.852932
496.00 -2557395.735314 -5380661.986558 2668089.394740 1001.887650 -3589.451702 -6432.021265
497.00 -2556392.582938 -5384259.606624 2661640.091765 1004.428333 -3605.794283 -6466.692198
498.00 -2555386.857464 -5387873.578988 2655155.832022 1007.013600 -3622.194568 -6501.947495
499.00 -2554378.590815 -5391504.055584 2648636.048395 1009.492165 -3638.859072 -6537.732542
500.00 -2553367.951227 -5395151.415750 2642080.345034 1011.747362 -3655.939212 -6573.684454
501.00 -2552355.170627 -5398815.666562 2635489.206170 1013.778460 -3672.438004 -6608.361889
502.00 -2551340.419716 -5402496.350724 2628863.652935 1015.733163 -3688.933713 -6642.729834
503.00 -2550323.648715 -5406193.632091 2622203.561819 1017.861846 -3705.653018 -6677.540308
504.00 -2549304.556760 -5409907.628832 2615508.420586 1020.392876 -3722.392583 -6712.919934
505.00 -2548282.715979 -5413631.968944 2608786.086376 1023.368331 -3721.891111 -6725.981752
506.00 -2547257.794562 -5417350.116811 2602058.154894 1026.476042 -3714.383605 -6729.856082
507.00 -2546229.768126 -5421060.720184 2595326.404073 1029.576359 -3706.822592 -6733.643014
508.00 -2545198.642221 -5424763.755178 2588590.879346 1032.675549 -3699.247057 -6737.405572
509.00 -2544164.417511 -5428459.208872 2581851.601650 1035.774105 -3691.660213 -6741.149169
510.00 -2543127.095110 -5432147.067505 2575108.594065 1038.870642 -3684.056049 -6744.864056
511.00 -2542086.676016 -5435827.321523 2568361.877555 1041.967475 -3676.450392 -6748.566950
512.00 -2541043.155955 -5439499.965401 2561611.462853 1045.073230 -3668.835595 -6752.261038
513.00 -2539996.529734 -5443164.991164 2554857.359972 1048.179236 -3661.214945 -6755.942705
514.00 -2538946.797930 -5446822.392734 2548099.581461 1051.284212 -3653.586864 -6759.612784
515.00 -2537893.961498 -5450472.163506 2541338.137854 1054.388358 -3645.952121 -6763.273957
516.00 -2536838.021653 -5454114.297249 2534573.037902 1057.488707 -3638.314121 -6766.925040
517.00 -2535778.984506 -5457748.791565 2527804.291841 1060.584293 -3630.672913 -6770.566209
518.00 -2534716.853917 -5461375.642915 2521031.909479 1063.676849 -3623.029006 -6774.196896
519.00 -2533651.630398 -5464994.847393 2514255.901078 1066.769562 -3615.379126 -6777.818465
520.00 -2532583.314927 -5468606.400194 2507476.276185 1069.861345 -3607.725698 -6781.429699
521.00 -2531511.907931 -5472210.297166 2500693.044925 1072.952734 -3600.067528 -6785.031198
522.00 -2530437.409714 -5475806.533491 2493906.216952 1076.043499 -3592.403595 -6788.623581
523.00 -2529359.820167 -5479395.106286 2487115.796867 1079.135731 -3584.740320 -6792.213390
524.00 -2528279.138300 -5482976.010578 2480321.796567 1082.226994 -3577.067730 -6795.785616
525.00 -2527195.366462 -5486549.240151 2473524.228885 1085.316769 -3569.390705 -6799.348119
526.00 -2526108.504290 -5490114.790214 2466723.103604 1088.407098 -3561.708760 -6802.900830
527.00 -2525018.552763 -5493672.656137 2459918.430474 1091.496041 -3554.022380 -6806.443801
528.00 -2523925.512441 -5497222.833377 2453110.219260 1094.584562 -3546.331339 -6809.976998
529.00 -2522829.383442 -5500765.317118 2446298.479752 1097.673408 -3538.635468 -6813.500391
530.00 -2521730.166378 -5504300.101899 2439483.221202 1100.760846 -3530.934109 -6817.014626
531.00 -2520627.861958 -5507827.183881 2432664.453839 1103.848076 -3523.229156 -6820.518467
532.00 -2519522.470465 -5511346.558632 2425842.187534 1106.934866 -3515.519590 -6824.012511
533.00 -2518413.992467 -5514858.221485 2419016.432084 1110.021213 -3507.805423 -6827.496753
534.00 -2517302.428281 -5518362.167904 2412187.197296 1113.107113 -3500.086665 -6830.971188
535.00 -2516187.778483 -5521858.393246 2405354.492979 1116.192562 -3492.363329 -6834.435811
536.00 -2515070.043401 -5525346.892998 2398518.328948 1119.277556 -3484.635427 -6837.890614
537.00 -2513949.223618 -5528827.662539 2391678.715025 1122.362089 -3476.902970 -6841.335594
538.00 -2512825.319469 -5532300.697381 2384835.661035 1125.446159 -3469.165971 -6844.770745
539.00 -2511698.331548 -5535765.992929 2377989.176812 1128.529761 -3461.424441 -6848.196062
540.00 -2510568.259459 -5539223.547283 2371139.267321 1131.614141 -3453.682743 -6851.619791
541.00 -2509435.104030 -5542673.355087 2364285.943893 1134.696794 -3445.932187 -6855.025423
542.00 -2508298.866124 -5546115.410116 2357429.219760 1137.778967 -3438.177136 -6858.421203
543.00 -2507159.546351 -5549549.707823 2350569.104773 1140.860654 -3430.417602 -6861.807128
544.00 -2506017.145071 -5552976.243788 2343705.608791 1143.941854 -3422.653597 -6865.183191
545.00 -2504871.662902 -5556395.013488 2336838.741680 1147.022560 -3414.885131 -6868.549388
546.00 -2503723.100275 -5559806.012497 2329968.513307 1150.102769 -3407.112219 -6871.905713
547.00 -2502571.457625 -5563209.236404 2323094.933547 1153.182476 -3399.334870 -6875.252160
548.00 -2501416.735584 -5566604.680721 2316218.012280 1156.261679 -3391.553098 -6878.588726
549.00 -2500258.934532 -5569992.341088 2309337.759391 1159.340371 -3383.766914 -6881.915404
550.00 -2499098.055107 -5573372.213041 2302454.184770 1162.418550 -3375.976330 -6885.232189
551.00 -2497934.097697 -5576744.292244 2295567.298312 1165.496211 -3368.181359 -6888.539077
552.00 -2496767.062952 -5580108.574258 2288677.109917 1168.573350 -3360.382011 -6891.836061
553.00 -2495596.951267 -5583465.054769 2281783.629493 1171.649962 -3352.578299 -6895.123137
554.00 -2494423.763298 -5586813.729363 2274886.866948 1174.726044 -3344.770235 -6898.400300
555.00 -2493247.499450 -5590154.593750 2267986.832199 1177.801592 -3336.957831 -6901.667544
556.00 -2492068.160388 -5593487.643540 2261083.535168 1180.876601 -3329.141099 -6904.924865
557.00 -2490885.745887 -5596812.876817 2254176.980994 1183.952127 -3321.323967 -6908.180230
558.00 -2489700.256834 -5600130.288431 2247267.181207 1187.026045 -3313.498615 -6911.417688
559.00 -2488511.694074 -5603439.872575 2240354.148930 1190.099412 -3305.668970 -6914.645208
560.00 -2487320.058289 -5606741.624904 2233437.894105 1193.172223 -3297.835046 -6917.862784
561.00 -2486125.349909 -5610035.541202 2226518.426678 1196.244474 -3289.996853 -6921.070411
562.00 -2484927.569623 -5613321.617149 2219595.756601 1199.316162 -3282.154404 -6924.268084
563.00 -2483726.717869 -5616599.848553 2212669.893829 1202.387282 -3274.307711 -6927.455799
564.00 -2482522.795345 -5619870.231119 2205740.848324 1205.457829 -3266.456786 -6930.633550
565.00 -2481315.802497 -5623132.760677 2198808.630053 1208.527800 -3258.601641 -6933.801332
566.00 -2480105.740033 -5626387.432957 2191873.248985 1211.597190 -3250.742288 -6936.959141
567.00 -2478892.608406 -5629634.243814 2184934.715097 1214.665996 -3242.878740 -6940.106971
568.00 -2477676.408332 -5632873.189000 2177993.038371 1217.734213 -3235.011007 -6943.244818
569.00 -2476457.140273 -5636104.264396 2171048.228791 1220.801837 -3227.139103 -6946.372676
570.00 -2475234.804952 -5639327.465778 2164100.296349 1223.868863 -3219.263039 -6949.490542
571.00 -2474009.402842 -5642542.789049 2157149.251040 1226.935288 -3211.382827 -6952.598410
572.00 -2472780.934673 -5645750.230012 2150195.102863 1230.001108 -3203.498481 -6955.696275
573.00 -2471549.400925 -5648949.784594 2143237.861826 1233.066317 -3195.610010 -6958.784132
574.00 -2470314.802338 -5652141.448621 2136277.537936 1236.130913 -3187.717429 -6961.861978
575.00 -2469077.139400 -5655325.218044 2129314.141209 1239.194891 -3179.820748 -6964.929806
576.00 -2467836.412859 -5658501.088713 2122347.681665 1242.258246 -3171.919980 -6967.987612
577.00 -2466592.623212 -5661669.056605 2115378.169326 1245.320974 -3164.015138 -6971.035392
578.00 -2465345.771216 -5664829.117594 2108405.614223 1248.383072 -3156.106233 -6974.073141
579.00 -2464095.857374 -5667981.267679 2101430.026389 1251.444536 -3148.193277 -6977.100854
580.00 -2462842.882453 -5671125.502760 2094451.415862 1254.505360 -3140.276283 -6980.118526
581.00 -2461586.846964 -5674261.818861 2087469.792685 1257.565541 -3132.355262 -6983.126154
582.00 -2460327.751684 -5677390.211904 2080485.166905 1260.625074 -3124.430227 -6986.123731
583.00 -2459065.597129 -5680510.677940 2073497.548574 1263.683956 -3116.501191 -6989.111254
584.00 -2457800.384086 -5683623.212915 2066506.947750 1266.742182 -3108.568164 -6992.088717
585.00 -2456532.113146 -5686727.812873 2059513.374494 1269.799748 -3100.631160 -6995.056118
586.00 -2455260.784907 -5689824.473872 2052516.838871 1272.856650 -3092.690191 -6998.013450
587.00 -2453986.400165 -5692913.191896 2045517.350953 1275.912884 -3084.745268 -7000.960709
588.00 -2452708.959460 -5695993.963054 2038514.920813 1278.968445 -3076.796405 -7003.897891
589.00 -2451428.463597 -5699066.783355 2031509.558532 1282.023329 -3068.843613 -7006.824991
590.00 -2450144.913124 -5702131.648933 2024501.274194 1285.077533 -3060.886904 -7009.742004
591.00 -2448858.308856 -5705188.555820 2017490.077887 1288.131051 -3052.926291 -7012.648928
592.00 -2447568.651348 -5708237.500175 2010475.979704 1291.183881 -3044.961785 -7015.545755
593.00 -2446275.941422 -5711278.478056 2003458.989742 1294.236016 -3036.993400 -7018.432484
594.00 -2444980.179643 -5714311.485645 1996439.118105 1297.287455 -3029.021147 -7021.309108
595.00 -2443681.366843 -5717336.519024 1989416.374896 1300.338191 -3021.045039 -7024.175623
596.00 -2442379.503593 -5720353.574401 1982390.770229 1303.388221 -3013.065088 -7027.032026
597.00 -2441074.590733 -5723362.647882 1975362.314216 1306.437542 -3005.081306 -7029.878312
598.00 -2439766.628844 -5726363.735699 1968331.016979 1309.486148 -2997.093705 -7032.714476
599.00 -2438455.618773 -5729356.833983 1961296.888640 1312.534035 -2989.102298 -7035.540514
600.00 -2437141.561111 -5732341.938989 1954259.939327 1315.581200 -2981.107097 -7038.356422