#Unix T+0 Time (s)
1769362239.00

# Delta T+ Time (s), ECEF Target Position (m), ECEF Target Velocity (m/s)
0.00 -2675270.546689 -4521717.747690 3604438.847954 0.000000 0.000000 0.000000
1.00 -2675271.136202 -4521718.746840 3604439.647406 -1.199787 -2.032499 1.627670
2.00 -2675273.007739 -4521721.911289 3604442.187068 -2.570590 -4.339375 3.489139
3.00 -2675276.345104 -4521727.533417 3604446.717202 -4.119593 -6.928718 5.592108
4.00 -2675281.269678 -4521735.805031 3604453.402768 -5.739479 -9.631512 7.793181
5.00 -2675287.845731 -4521746.833357 3604462.333697 -7.424725 -12.446099 10.085543
6.00 -2675296.144253 -4521760.739396 3604473.607911 -9.185195 -15.387612 12.480082
7.00 -2675306.235991 -4521777.640322 3604487.319443 -11.004768 -18.424555 14.951049
8.00 -2675318.168779 -4521797.611912 3604503.528600 -12.866946 -21.528958 17.475470
9.00 -2675331.981231 -4521820.717573 3604522.285612 -14.762736 -24.690421 20.045135
10.00 -2675347.708010 -4521847.015897 3604543.637698 -16.695927 -27.915012 22.666025
11.00 -2675365.382824 -4521876.563860 3604567.630679 -18.659938 -31.191179 25.329130
12.00 -2675385.035265 -4521909.410524 3604594.315319 -20.649918 -34.510814 28.050314
13.00 -2675406.695810 -4521945.607339 3604623.736839 -22.680213 -37.898636 30.787207
14.00 -2675430.418585 -4521985.249180 3604655.865116 -24.779595 -41.411561 33.454662
15.00 -2675456.281126 -4522028.478650 3604690.609337 -26.958559 -45.071867 36.016077
16.00 -2675484.362420 -4522075.441460 3604727.864501 -29.217549 -48.878722 38.479953
17.00 -2675514.740443 -4522126.280474 3604767.537854 -31.551108 -52.822384 40.852527
18.00 -2675547.489551 -4522181.132087 3604809.541028 -33.959573 -56.904344 43.140392
19.00 -2675582.681149 -4522240.129293 3604853.787351 -36.435952 -61.112529 45.338737
20.00 -2675620.385245 -4522303.401980 3604900.190485 -38.983680 -65.455149 47.453672
21.00 -2675660.672072 -4522371.084908 3604948.667413 -41.602248 -69.933924 49.487607
22.00 -2675703.607997 -4522443.306646 3604999.133825 -44.281303 -74.532216 51.432780
23.00 -2675749.257265 -4522520.191784 3605051.506292 -47.027687 -79.257709 53.298190
24.00 -2675797.687703 -4522601.867814 3605105.705892 -49.845279 -84.117373 55.089108
25.00 -2675848.970052 -4522688.469197 3605161.659010 -52.729507 -89.105554 56.803783
26.00 -2675903.169875 -4522780.125762 3605219.290008 -55.679996 -94.228371 58.444509
27.00 -2675960.353551 -4522876.973108 3605278.523074 -58.696739 -99.485857 60.006657
28.00 -2676020.586864 -4522979.143900 3605339.278109 -61.781070 -104.877372 61.490356
29.00 -2676083.937634 -4523086.769610 3605401.477119 -64.932838 -110.397272 62.895972
30.00 -2676150.474850 -4523199.980843 3605465.045291 -68.152967 -116.046925 64.228071
31.00 -2676220.266659 -4523318.908642 3605529.908824 -71.442628 -121.832771 65.487083
32.00 -2676293.382688 -4523443.692658 3605595.994528 -74.801511 -127.759405 66.672359
33.00 -2676369.894385 -4523574.475222 3605663.229134 -78.232058 -133.826212 67.782876
34.00 -2676449.869626 -4523711.390088 3605731.535358 -81.730124 -140.026682 68.817561
35.00 -2676533.378158 -4523854.574092 3605800.839791 -85.298807 -146.364406 69.778461
36.00 -2676620.492316 -4524004.164835 3605871.064607 -88.944632 -152.842185 70.657053
37.00 -2676711.299730 -4524160.304264 3605942.119831 -92.687979 -159.459241 71.434465
38.00 -2676805.908792 -4524323.130226 3606013.894341 -96.552293 -166.215769 72.093666
39.00 -2676904.447045 -4524492.772816 3606086.258053 -100.548798 -173.090859 72.608593
40.00 -2677007.058264 -4524669.353396 3606159.057353 -104.702708 -180.092913 72.962214
41.00 -2677113.909739 -4524852.994463 3606232.119767 -109.031334 -187.208773 73.130551
42.00 -2677225.184778 -4525043.808278 3606305.252464 -113.551997 -194.437170 73.100963
43.00 -2677341.081412 -4525241.902694 3606378.251190 -118.274280 -201.765655 72.859253
44.00 -2677461.803679 -4525447.372560 3606450.896690 -123.205644 -209.189295 72.393593
45.00 -2677587.565283 -4525660.311196 3606522.960736 -128.353072 -216.701380 71.694764
46.00 -2677718.578389 -4525880.800342 3606594.205067 -133.707036 -224.290034 70.753214
47.00 -2677855.046576 -4526108.919022 3606664.386003 -139.263157 -231.963574 69.569455
48.00 -2677997.157898 -4526344.742996 3606733.264733 -144.980957 -239.687255 68.149678
49.00 -2678145.049502 -4526588.299876 3606800.615752 -150.823597 -247.433273 66.520922
50.00 -2678298.836124 -4526839.611887 3606866.241585 -156.732747 -255.145795 64.686953
51.00 -2678457.847776 -4527097.560201 3606929.665102 -160.965705 -260.256860 62.015519
52.00 -2678620.459756 -4527359.667905 3606990.142932 -164.224262 -263.912727 58.925191
53.00 -2678786.291121 -4527625.386565 3607047.499866 -167.441200 -267.529263 55.773233
54.00 -2678955.359049 -4527894.740074 3607101.642653 -170.705171 -271.185266 52.486380
55.00 -2679127.722926 -4528167.774162 3607152.425897 -174.032832 -274.893703 49.060137
56.00 -2679303.444658 -4528444.549332 3607199.723874 -177.419460 -278.666281 45.515081
57.00 -2679482.764112 -4528725.386971 3607243.454907 -181.582159 -283.524631 42.007409
58.00 -2679667.232590 -4529012.471512 3607283.806888 -187.488229 -290.817652 38.673412
59.00 -2679857.809823 -4529307.072737 3607320.697585 -193.694963 -298.401031 35.054640
60.00 -2680054.683253 -4529609.319936 3607353.825381 -200.073814 -306.110127 31.159516
61.00 -2680258.009993 -4529919.338892 3607382.935601 -206.615322 -313.962318 27.019624
62.00 -2680467.963852 -4530237.278331 3607407.774068 -213.321145 -321.936253 22.610215
63.00 -2680684.703866 -4530563.240915 3607428.065143 -220.179097 -329.995520 17.927937
64.00 -2680908.352198 -4530897.270683 3607443.544452 -227.123811 -338.054100 12.987844
65.00 -2681138.983945 -4531239.353093 3607453.954914 -234.170708 -346.130884 7.790066
66.00 -2681376.746795 -4531589.561495 3607459.038875 -241.376798 -354.294986 2.335647
67.00 -2681621.791606 -4531947.973100 3607458.544104 -248.743762 -362.547903 -3.365907
68.00 -2681874.294898 -4532314.699357 3607452.223539 -256.292165 -370.927541 -9.318405
69.00 -2682134.411319 -4532689.845439 3607439.819761 -263.949829 -379.362998 -15.532601
70.00 -2682402.214011 -4533073.428624 3607421.070545 -271.672602 -387.818039 -22.010075
71.00 -2682677.789651 -4533465.509085 3607395.712461 -279.498834 -396.360300 -28.748800
72.00 -2682961.266204 -4533866.206948 3607363.485621 -287.474283 -405.058775 -35.748553
73.00 -2683252.753448 -4534275.641734 3607324.131242 -295.505602 -413.814120 -43.002037
74.00 -2683552.296364 -4534693.854596 3607277.397401 -303.607846 -422.648197 -50.511068
75.00 -2683860.031660 -4535121.021008 3607223.017478 -311.887707 -431.715821 -58.292957
76.00 -2684176.114283 -4535557.334939 3607160.724249 -320.294541 -440.931189 -66.336754
77.00 -2684500.655616 -4536002.924475 3607090.256023 -328.798028 -450.259037 -74.642935
78.00 -2684833.715086 -4536457.856929 3607011.352804 -337.334605 -459.624434 -83.210789
79.00 -2685175.342680 -4536922.194995 3606923.739370 -345.932074 -469.063612 -92.065183
80.00 -2685525.608276 -4537396.016069 3606827.119517 -354.608933 -478.591406 -101.225912
81.00 -2685884.615751 -4537879.449808 3606721.173124 -363.440660 -488.320438 -110.725628
82.00 -2686252.541154 -4538372.722968 3606605.556667 -372.431986 -498.255599 -120.562232
83.00 -2686629.492511 -4538875.979929 3606479.951422 -381.467541 -508.253419 -130.692121
84.00 -2687015.502598 -4539389.263329 3606344.074658 -390.581432 -518.354030 -141.116891
85.00 -2687410.682927 -4539912.729548 3606197.618026 -399.779885 -528.579180 -151.839553
86.00 -2687815.079710 -4540446.441440 3606040.304248 -409.033947 -538.872119 -162.838906
87.00 -2688228.795982 -4540990.538027 3605871.833117 -418.406732 -549.336317 -174.154126
88.00 -2688651.908055 -4541545.134367 3605691.891787 -427.838778 -559.873304 -185.772761
89.00 -2689084.549958 -4542110.345828 3605500.244910 -437.483405 -570.578623 -197.511765
90.00 -2689526.938625 -4542686.341452 3605296.922691 -447.338769 -581.459834 -209.108298
91.00 -2689979.329729 -4543273.379731 3605082.065546 -457.489900 -592.668095 -220.590003
92.00 -2690441.993104 -4543871.756066 3604855.773431 -467.870384 -604.119525 -231.982082
93.00 -2690915.139036 -4544481.690477 3604618.116983 -478.452544 -615.783143 -243.325927
94.00 -2691398.937772 -4545103.366962 3604369.132305 -489.161315 -627.588965 -254.640792
95.00 -2691893.514077 -4545736.930466 3604108.825402 -500.017636 -639.569281 -265.981393
96.00 -2692399.023616 -4546382.567824 3603837.146620 -511.014144 -651.720305 -277.385066
97.00 -2692915.569919 -4547040.397583 3603554.033519 -522.094319 -663.954419 -288.854287
98.00 -2693443.267281 -4547710.539861 3603259.399946 -533.339869 -676.377818 -300.438456
99.00 -2693982.303031 -4548393.211359 3602953.113706 -544.768557 -689.006599 -312.160546
100.00 -2694532.863072 -4549088.620251 3602635.031115 -556.365130 -701.825509 -324.022408
101.00 -2695095.060001 -4549796.885732 3602305.033261 -568.045292 -714.720189 -335.992456
102.00 -2695669.013642 -4550518.127191 3601962.995638 -579.896863 -727.803628 -348.110831
103.00 -2696254.915940 -4551252.561370 3601608.757856 -591.928978 -741.085376 -360.387533
104.00 -2696852.932699 -4552000.363531 3601242.166321 -604.147660 -754.568692 -372.828718
105.00 -2697463.272206 -4552761.763058 3600863.045833 -616.564441 -768.264546 -385.440381
106.00 -2698086.116436 -4553536.947926 3600471.234333 -629.158934 -782.143240 -398.213678
107.00 -2698721.655751 -4554326.114642 3600066.551870 -641.947332 -796.213183 -411.185303
108.00 -2699370.095201 -4555129.453982 3599648.776839 -654.974108 -810.506880 -424.410724
109.00 -2700031.662094 -4555947.178773 3599217.651921 -668.188641 -824.967637 -437.878074
110.00 -2700706.539600 -4556779.449268 3598772.939535 -681.581936 -839.581478 -451.578210
111.00 -2701394.853994 -4557626.353661 3598314.436321 -695.072106 -854.246916 -465.463016
112.00 -2702096.736524 -4558487.985124 3597841.945714 -708.722618 -869.042394 -479.553233
113.00 -2702812.400222 -4559364.544248 3597355.239271 -722.656588 -884.130645 -493.905575
114.00 -2703542.140540 -4560256.336823 3596854.053481 -736.851220 -899.477077 -508.496019
115.00 -2704286.146900 -4561163.531939 3596338.194251 -751.210457 -914.962994 -523.262104
116.00 -2705044.658942 -4562086.358987 3595807.454459 -765.855705 -930.731340 -538.250135
117.00 -2705817.911107 -4563025.040627 3595261.644917 -780.665164 -946.644617 -553.388492
118.00 -2706606.029563 -4563979.681393 3594700.637551 -795.597523 -962.660836 -568.648083
119.00 -2707409.203012 -4564950.468427 3594124.281655 -810.808536 -978.979548 -584.102276
120.00 -2708227.711771 -4565937.703279 3593532.389809 -826.236174 -995.513577 -599.697564
121.00 -2709061.763796 -4566941.587234 3592924.837587 -841.918399 -1012.309824 -615.434452
122.00 -2709911.599394 -4567962.373039 3592301.494723 -857.779644 -1029.289346 -631.264245
123.00 -2710777.388123 -4569000.236705 3591662.277636 -873.835640 -1046.480780 -647.188920
124.00 -2711659.346702 -4570055.416612 3591007.081107 -890.114021 -1063.909712 -663.216765
125.00 -2712557.694494 -4571128.140526 3590335.809179 -906.614948 -1081.584392 -679.346309
126.00 -2713472.635855 -4572218.694247 3589648.345198 -923.281538 -1099.570304 -695.598423
127.00 -2714404.294169 -4573327.398994 3588944.569971 -940.044536 -1117.890738 -711.970062
128.00 -2715352.752396 -4574454.587165 3588224.365130 -956.894521 -1136.551563 -728.460515
129.00 -2716318.139947 -4575600.651642 3587487.609817 -973.931037 -1155.673125 -745.089326
130.00 -2717300.752778 -4576766.115680 3586734.019715 -991.368194 -1175.317665 -762.219791
131.00 -2718301.012873 -4577951.344934 3585962.846814 -1009.213396 -1195.141901 -780.309147
132.00 -2719319.295468 -4579156.374700 3585173.018997 -1027.412533 -1214.905905 -799.542207
133.00 -2720355.947510 -4580381.123406 3584363.378551 -1045.889553 -1234.512568 -819.891157
134.00 -2721410.698491 -4581624.810885 3583533.199296 -1063.467183 -1252.624998 -840.501340
135.00 -2722482.830070 -4582886.196256 3582682.159008 -1080.812926 -1270.119440 -861.712079
136.00 -2723572.358645 -4584165.014123 3581809.522268 -1098.252311 -1287.493757 -883.671442
137.00 -2724679.338430 -4585461.135149 3580914.625378 -1115.714079 -1304.733725 -906.214325
138.00 -2725803.837874 -4586774.496879 3579996.890357 -1133.329456 -1322.019228 -929.369900
139.00 -2726946.087452 -4588105.232866 3579055.655106 -1151.200993 -1339.467262 -953.208968
140.00 -2728106.048266 -4589453.170825 3578090.463606 -1168.609143 -1356.257744 -977.164088
141.00 -2729283.236021 -4590817.618796 3577101.226601 -1185.757590 -1372.606860 -1001.373674
142.00 -2730477.564300 -4592198.350832 3576087.598334 -1202.914033 -1388.861828 -1025.936460
143.00 -2731689.119020 -4593595.390285 3575049.265814 -1220.229245 -1405.256008 -1050.757987
144.00 -2732918.124077 -4595008.992428 3573986.033605 -1237.842978 -1422.030035 -1075.723199
145.00 -2734164.703327 -4596439.367344 3572898.013893 -1255.002269 -1438.387204 -1099.980895
146.00 -2735427.855719 -4597885.488135 3571786.423122 -1271.251460 -1453.804945 -1123.100679
147.00 -2736707.059422 -4599346.828273 3570652.029018 -1286.672852 -1468.349233 -1145.237131
148.00 -2737996.640299 -4600817.101513 3569499.931769 -1289.766294 -1469.136008 -1156.602812
149.00 -2739284.514184 -4602282.761501 3568340.620775 -1285.941380 -1462.140032 -1161.984819
150.00 -2740568.519684 -4603741.378636 3567175.966119 -1282.069458 -1455.094747 -1167.323932
151.00 -2741855.145497 -4605200.239845 3566000.285974 -1278.799322 -1448.725530 -1173.194299
152.00 -2743132.046757 -4606645.487638 3564824.392137 -1274.978008 -1441.742455 -1178.570948
153.00 -2744405.083798 -4608083.705636 3563643.160679 -1271.096142 -1434.694110 -1183.891520
154.00 -2745674.239263 -4609514.876881 3562456.610027 -1267.214717 -1427.648976 -1189.209311
155.00 -2746939.513391 -4610939.004539 3561264.743033 -1263.333544 -1420.606840 -1194.524181
156.00 -2748200.906455 -4612356.091444 3560067.562678 -1259.452450 -1413.567496 -1199.836010
157.00 -2749458.587574 -4613766.333428 3558864.929424 -1256.584236 -1407.685093 -1205.995151
158.00 -2750715.232190 -4615172.771660 3557654.629135 -1256.725386 -1405.214146 -1214.613047
159.00 -2751972.055487 -4616576.778259 3556435.695662 -1256.948734 -1402.826896 -1223.279520
160.00 -2753229.191832 -4617978.485457 3555207.999481 -1257.348124 -1400.611387 -1232.152562
161.00 -2754486.767874 -4619378.012179 3553971.334702 -1257.796246 -1398.429134 -1241.190876
162.00 -2755744.787985 -4620775.343893 3552725.578008 -1258.238352 -1396.229771 -1250.333811
163.00 -2757003.235752 -4622170.462778 3551470.650848 -1258.656594 -1394.006930 -1259.527870
164.00 -2758262.103759 -4623563.355519 3550206.513764 -1259.080208 -1391.777565 -1268.745389
165.00 -2759521.395778 -4624954.013308 3548933.167656 -1259.519990 -1389.553689 -1277.955803
166.00 -2760781.157224 -4626342.477984 3547650.596053 -1260.014641 -1387.391721 -1287.196465
167.00 -2762041.424884 -4627728.799216 3546358.775752 -1260.523240 -1385.256175 -1296.446971
168.00 -2763302.199428 -4629112.988532 3545057.703768 -1261.032918 -1383.129774 -1305.705225
169.00 -2764563.500383 -4630495.067666 3543747.355034 -1261.573975 -1381.033307 -1314.997313
170.00 -2765825.351226 -4631875.056768 3542427.706126 -1262.129462 -1378.947164 -1324.300092
171.00 -2767087.766769 -4633252.971823 3541098.752924 -1262.695382 -1376.876067 -1333.597384
172.00 -2768350.751240 -4634628.821767 3539760.509064 -1263.285140 -1374.838530 -1342.898532
173.00 -2769614.348006 -4636002.662751 3538412.947489 -1263.923490 -1372.858023 -1352.238901
174.00 -2770878.609438 -4637374.549792 3537056.020164 -1264.595131 -1370.912678 -1361.612998
175.00 -2772143.546056 -4638744.496006 3535689.711504 -1265.279159 -1368.979612 -1371.005297
176.00 -2773409.175987 -4640112.516798 3534314.003629 -1265.970661 -1367.050881 -1380.400317
177.00 -2774675.499346 -4641478.608513 3532928.902538 -1266.677539 -1365.135355 -1389.802824
178.00 -2775942.533535 -4642842.794073 3531534.395275 -1267.385553 -1363.232700 -1399.207386
179.00 -2777210.279438 -4644205.084152 3530130.482973 -1268.107755 -1361.351096 -1408.617128
180.00 -2778478.750004 -4645565.498208 3528717.165180 -1268.831515 -1359.476039 -1418.017344
181.00 -2779747.950134 -4646924.044973 3527294.440745 -1269.572931 -1357.622499 -1427.435082
182.00 -2781017.900799 -4648280.746017 3525862.288832 -1270.329824 -1355.777891 -1436.868595
183.00 -2782288.445988 -4649635.412910 3524420.850570 -1271.192926 -1354.033573 -1446.401121
184.00 -2783560.113769 -4650988.620174 3522969.639867 -1272.144562 -1352.385248 -1456.022671
185.00 -2784832.734222 -4652340.188057 3521508.806583 -1273.091723 -1350.749079 -1465.636754
186.00 -2786106.291100 -4653690.120159 3520038.375443 -1274.025888 -1349.124706 -1475.228177
187.00 -2787380.798620 -4655038.455312 3518558.339798 -1274.983310 -1347.539621 -1484.838364
188.00 -2788656.263223 -4656385.202476 3517068.693189 -1275.945595 -1345.950126 -1494.454012
189.00 -2789932.706313 -4657730.363693 3515569.419570 -1276.942089 -1344.370152 -1504.094324
190.00 -2791210.152419 -4659073.943584 3514060.500612 -1277.952069 -1342.790956 -1513.744924
191.00 -2792488.611120 -4660415.947898 3512541.934628 -1278.965943 -1341.222951 -1523.387885
192.00 -2793768.082651 -4661756.397094 3511013.725178 -1279.975123 -1339.678585 -1533.030074
193.00 -2795048.565373 -4663095.316437 3509475.868079 -1280.988004 -1338.158634 -1542.683606
194.00 -2796330.062282 -4664432.716261 3507928.351645 -1282.009475 -1336.642578 -1552.353014
195.00 -2797612.593921 -4665768.603850 3506371.152579 -1283.056694 -1335.131274 -1562.045603
196.00 -2798896.192231 -4667102.986347 3504804.249880 -1284.134498 -1333.626449 -1571.754540
197.00 -2800180.867916 -4668435.866926 3503227.638149 -1285.222055 -1332.143042 -1581.472146
198.00 -2801466.632583 -4669767.276016 3501641.310968 -1286.310394 -1330.682912 -1591.184297
199.00 -2802753.477941 -4671097.228832 3500045.277683 -1287.386082 -1329.233960 -1600.889216
200.00 -2804041.408986 -4672425.751037 3498439.526169 -1288.474564 -1327.807148 -1610.614682
201.00 -2805330.428768 -4673752.837072 3496824.046837 -1289.574846 -1326.371326 -1620.352562
202.00 -2806620.573786 -4675078.502200 3495198.811294 -1290.720955 -1324.964932 -1630.121974
203.00 -2807911.860692 -4676402.756683 3493563.812202 -1291.850292 -1323.543596 -1639.875110
204.00 -2809204.293053 -4677725.611147 3491919.044074 -1293.013499 -1322.168271 -1649.662128
205.00 -2810497.883989 -4679047.092677 3490264.490774 -1294.171530 -1320.799928 -1659.448887
206.00 -2811792.640078 -4680367.220383 3488600.140800 -1295.329779 -1319.447542 -1669.243831
207.00 -2813088.562277 -4681686.013951 3486925.983279 -1296.524089 -1318.148597 -1679.076635
208.00 -2814385.686610 -4683003.509144 3485241.993602 -1297.719781 -1316.833762 -1688.897471
209.00 -2815684.011320 -4684319.682697 3483548.185067 -1298.935612 -1315.516377 -1698.722202
210.00 -2816983.563812 -4685634.550171 3481844.539436 -1300.159750 -1314.210611 -1708.562002
211.00 -2818284.337421 -4686948.118948 3480131.049141 -1301.387630 -1312.933225 -1718.422617
212.00 -2819586.335751 -4688260.422924 3478407.694049 -1302.609999 -1311.678890 -1728.290574
213.00 -2820889.557127 -4689571.478223 3476674.465347 -1303.828716 -1310.424217 -1738.162881
214.00 -2822194.003417 -4690881.279005 3474931.360712 -1305.067139 -1309.177624 -1748.049050
215.00 -2823499.699674 -4692189.834106 3473178.367153 -1306.337650 -1307.942544 -1757.944993
216.00 -2824806.682509 -4693497.162404 3471415.471857 -1307.627369 -1306.710813 -1767.841316
217.00 -2826114.958112 -4694803.263997 3469642.684449 -1308.928704 -1305.502440 -1777.738530
218.00 -2827424.537866 -4696108.175052 3467859.993095 -1310.235605 -1304.330297 -1787.651508
219.00 -2828735.420361 -4697411.923778 3466067.379348 -1311.537557 -1303.179916 -1797.587848
220.00 -2830047.610367 -4698714.535096 3464264.812784 -1312.839327 -1302.037078 -1807.542670
221.00 -2831361.107466 -4700015.994249 3462452.285186 -1314.159727 -1300.878459 -1817.516671
222.00 -2832675.942444 -4701316.289851 3460629.771592 -1315.511454 -1299.709389 -1827.509447
223.00 -2833992.138004 -4702615.417373 3458797.258780 -1316.880124 -1298.545918 -1837.518237
224.00 -2835309.704726 -4703913.385001 3456954.730600 -1318.248926 -1297.389344 -1847.537178
225.00 -2836628.649337 -4705210.219759 3455102.160749 -1319.642320 -1296.288623 -1857.611868
226.00 -2837948.968433 -4706505.944619 3453239.515501 -1321.002219 -1295.167876 -1867.689119
227.00 -2839270.675800 -4707800.574619 3451366.759898 -1322.422469 -1294.095655 -1877.828346
228.00 -2840593.814846 -4709094.121318 3449483.865527 -1323.861661 -1292.996394 -1887.962651
229.00 -2841918.408851 -4710386.563615 3447590.830754 -1325.329400 -1291.889806 -1898.109010
230.00 -2843244.472138 -4711677.901627 3445687.644886 -1326.803061 -1290.798014 -1908.270870
231.00 -2844572.007306 -4712968.164675 3443774.286916 -1328.263324 -1289.731081 -1918.447674
232.00 -2845901.001636 -4714257.373908 3441850.736880 -1329.726490 -1288.692786 -1928.657929
233.00 -2847231.464086 -4715545.550959 3439916.960524 -1331.201475 -1287.659224 -1938.899344
234.00 -2848563.410152 -4716832.682380 3437972.933832 -1332.699292 -1286.606576 -1949.159662
235.00 -2849896.878601 -4718118.766320 3436018.633399 -1334.237453 -1285.554755 -1959.437416
236.00 -2851231.889551 -4719403.793242 3434054.055356 -1335.795524 -1284.512059 -1969.731113
237.00 -2852568.464326 -4720687.790811 3432079.167098 -1337.337836 -1283.471820 -1980.037541
238.00 -2853906.566343 -4721970.748296 3430093.966270 -1338.869222 -1282.451174 -1990.373314
239.00 -2855246.201560 -4723252.698880 3428098.412780 -1340.413546 -1281.462749 -2000.745204
240.00 -2856587.403409 -4724533.674235 3426092.472818 -1341.992394 -1280.482944 -2011.131411
241.00 -2857930.202577 -4725813.667898 3424076.145078 -1343.609635 -1279.500165 -2021.523851
242.00 -2859274.629723 -4727092.673967 3422049.414544 -1345.243830 -1278.510353 -2031.942533
243.00 -2860620.688611 -4728370.691940 3420012.248651 -1346.871265 -1277.525162 -2042.394726
244.00 -2861968.362479 -4729647.726497 3417964.619144 -1348.478780 -1276.552439 -2052.870152
245.00 -2863317.653466 -4730923.811056 3415906.497120 -1350.103325 -1275.617596 -2063.373559
246.00 -2864668.578237 -4732198.964579 3413837.871115 -1351.745945 -1274.682329 -2073.874214
247.00 -2866021.168362 -4733473.186377 3411758.733223 -1353.438275 -1273.757446 -2084.403573
248.00 -2867375.452557 -4734746.467637 3409669.061683 -1355.137980 -1272.810541 -2094.949484
249.00 -2868731.445978 -4736018.811803 3407568.818379 -1356.852164 -1271.885879 -2105.548182
250.00 -2870089.143610 -4737290.237973 3405457.964518 -1358.530065 -1270.959957 -2116.152400
251.00 -2871448.527692 -4738560.758053 3403336.494012 -1360.238172 -1270.079087 -2126.786701
252.00 -2872809.628850 -4739830.393885 3401204.393353 -1361.967488 -1269.187517 -2137.411523
253.00 -2874172.481046 -4741099.136122 3399061.660255 -1363.748000 -1268.302082 -2148.064692
254.00 -2875537.134019 -4742367.000783 3396908.247631 -1365.554782 -1267.425021 -2158.765836
255.00 -2876903.575311 -4743633.975898 3394744.125083 -1367.331909 -1266.535268 -2169.495265
256.00 -2878271.795237 -4744900.082615 3392569.242303 -1369.113932 -1265.687714 -2180.277467
257.00 -2879641.807797 -4746165.359832 3390383.567695 -1370.915636 -1264.870269 -2191.069680
258.00 -2881013.644095 -4747429.834486 3388187.099012 -1372.760114 -1264.076359 -2201.863854
259.00 -2882387.338495 -4748693.512808 3385979.832226 -1374.630570 -1263.276489 -2212.674164
260.00 -2883762.909290 -4749956.382405 3383761.732119 -1376.516673 -1262.468644 -2223.541710
261.00 -2885140.363734 -4751218.444786 3381532.737670 -1378.398479 -1261.664910 -2234.461963
262.00 -2886519.702059 -4752479.716230 3379292.802864 -1380.276571 -1260.879548 -2245.403093
263.00 -2887900.926752 -4753740.218164 3377041.927364 -1382.164385 -1260.114389 -2256.333659
264.00 -2889284.041735 -4754999.949064 3374780.140067 -1384.076210 -1259.352900 -2267.246085
265.00 -2890669.095446 -4756258.928540 3372507.421833 -1386.037687 -1258.606556 -2278.198666
266.00 -2892056.119701 -4757517.157973 3370223.725787 -1388.003412 -1257.842590 -2289.194399
267.00 -2893445.109752 -4758774.623566 3367929.007861 -1389.985931 -1257.101036 -2300.257863
268.00 -2894836.091465 -4760031.366657 3365623.200127 -1391.974878 -1256.385618 -2311.357956
269.00 -2896229.060008 -4761287.398466 3363306.293025 -1393.961070 -1255.676499 -2322.451332
270.00 -2897624.024590 -4762542.723596 3360978.295482 -1395.977303 -1254.976776 -2333.545791
271.00 -2899021.031008 -4763797.356352 3358639.191359 -1398.034110 -1254.282431 -2344.659740
272.00 -2900420.096277 -4765051.287518 3356288.961488 -1400.099080 -1253.582756 -2355.809683
273.00 -2901821.225387 -4766304.520891 3353927.561506 -1402.162652 -1252.891207 -2366.999222
274.00 -2903224.413443 -4767557.073486 3351554.965702 -1404.210387 -1252.219425 -2378.191455
275.00 -2904629.664648 -4768808.991372 3349171.168061 -1406.289678 -1251.618104 -2389.394168
276.00 -2906037.009636 -4770060.326508 3346776.172133 -1408.411087 -1251.054474 -2400.600467
277.00 -2907446.496898 -4771311.091664 3344369.963616 -1410.569854 -1250.473934 -2411.823580
278.00 -2908858.157345 -4772561.276521 3341952.502641 -1412.738204 -1249.886525 -2423.099297
279.00 -2910271.969764 -4773810.869706 3339523.743427 -1414.890378 -1249.311015 -2434.432984
280.00 -2911687.924586 -4775059.893473 3337083.641193 -1417.024650 -1248.744230 -2445.777139
281.00 -2913106.020812 -4776308.360181 3334632.196901 -1419.171356 -1248.188883 -2457.106731
282.00 -2914526.303548 -4777556.298756 3332169.406761 -1421.400341 -1247.688801 -2468.474572
283.00 -2915948.807350 -4778803.714722 3329695.266714 -1423.616942 -1247.151503 -2479.820292
284.00 -2917373.537696 -4780050.600745 3327209.752167 -1425.850248 -1246.625324 -2491.224717
285.00 -2918800.519237 -4781296.975282 3324712.785532 -1428.104837 -1246.114302 -2502.708881
286.00 -2920229.753481 -4782542.833506 3322204.315234 -1430.361602 -1245.598625 -2514.231800
287.00 -2921661.258110 -4783788.191024 3319684.306778 -1432.650601 -1245.122886 -2525.786456
288.00 -2923095.054119 -4785033.083534 3317152.752323 -1434.951041 -1244.675519 -2537.326844
289.00 -2924531.164017 -4786277.549079 3314609.655235 -1437.270113 -1244.259354 -2548.866726
290.00 -2925969.601532 -4787521.607160 3312055.006421 -1439.609913 -1243.854375 -2560.441321
291.00 -2927410.388533 -4788765.248089 3309488.752016 -1441.978795 -1243.435094 -2572.092341
292.00 -2928853.562842 -4790008.464107 3306910.807245 -1444.383886 -1243.006647 -2583.816144
293.00 -2930299.145227 -4791251.248879 3304321.126691 -1446.783781 -1242.568593 -2595.547560
294.00 -2931747.142199 -4792493.623950 3301719.703683 -1449.206965 -1242.184652 -2607.293647
295.00 -2933197.564050 -4793735.635360 3299106.536919 -1451.631602 -1241.839089 -2619.035957
296.00 -2934650.412723 -4794977.311194 3296481.620433 -1454.087307 -1241.533194 -2630.821760
297.00 -2936105.744285 -4796218.698652 3293844.880815 -1456.571953 -1241.233212 -2642.660787
298.00 -2937563.555052 -4797459.762951 3291196.285186 -1459.050866 -1240.890274 -2654.538634
299.00 -2939023.849392 -4798700.473482 3288535.791490 -1461.548717 -1240.539343 -2666.462801
300.00 -2940486.659324 -4799940.850120 3285863.354725 -1464.058911 -1240.203008 -2678.395031
301.00 -2941952.001099 -4801180.911403 3283178.968888 -1466.622905 -1239.918532 -2690.374798
302.00 -2943419.895020 -4802420.675773 3280482.609533 -1469.178794 -1239.623904 -2702.363962
303.00 -2944890.350135 -4803660.147928 3277774.235793 -1471.730341 -1239.317315 -2714.391798
304.00 -2946363.369289 -4804899.317982 3275053.791362 -1474.312193 -1239.024193 -2726.510049
305.00 -2947838.979657 -4806138.197278 3272321.198283 -1476.901645 -1238.725175 -2738.669273
306.00 -2949317.169645 -4807376.763239 3269576.455695 -1479.490230 -1238.417509 -2750.827072
307.00 -2950797.980954 -4808615.053762 3266819.530390 -1482.132887 -1238.165453 -2763.022523
308.00 -2952281.440275 -4809853.102159 3264050.400047 -1484.782354 -1237.927626 -2775.241140
309.00 -2953767.556893 -4811090.915697 3261269.019355 -1487.458435 -1237.703946 -2787.539420
310.00 -2955256.342895 -4812328.488301 3258475.316379 -1490.115915 -1237.436462 -2799.879865
311.00 -2956747.806013 -4813565.793454 3255669.225128 -1492.828875 -1237.189233 -2812.325122
312.00 -2958241.976838 -4814802.839006 3252850.691594 -1495.527089 -1236.917134 -2824.756901
313.00 -2959738.883016 -4816039.655386 3250019.695431 -1498.289252 -1236.719264 -2837.234065
314.00 -2961238.565980 -4817276.288696 3247176.213434 -1501.071301 -1236.542560 -2849.726706
315.00 -2962741.031726 -4818512.743195 3244320.222168 -1503.858061 -1236.362429 -2862.265016
316.00 -2964246.294515 -4819749.020509 3241451.642154 -1506.658748 -1236.180856 -2874.899241
317.00 -2965754.352157 -4820985.098572 3238570.405125 -1509.464537 -1235.981129 -2887.587926
318.00 -2967265.209878 -4822220.963010 3235676.484925 -1512.264660 -1235.760082 -2900.264069
319.00 -2968778.911640 -4823456.647866 3232769.845398 -1515.130434 -1235.602999 -2913.005326
320.00 -2970295.464827 -4824692.164701 3229850.476083 -1517.987641 -1235.442109 -2925.753946
321.00 -2971814.892360 -4825927.533367 3226918.313377 -1520.854398 -1235.281663 -2938.569408
322.00 -2973337.191419 -4827162.741912 3223973.302141 -1523.732418 -1235.123384 -2951.448261
323.00 -2974862.374903 -4828397.791863 3221015.385394 -1526.632831 -1234.971611 -2964.388210
324.00 -2976390.468477 -4829632.691752 3218044.511120 -1529.571772 -1234.841176 -2977.380814
325.00 -2977921.508676 -4830867.453665 3215060.644549 -1532.521606 -1234.690417 -2990.362172
326.00 -2979455.521825 -4832102.077073 3212063.770039 -1535.517751 -1234.569001 -3003.406128
327.00 -2980992.548447 -4833336.601377 3209053.807006 -1538.534087 -1234.481111 -3016.529635
328.00 -2982532.570265 -4834571.027620 3206030.707267 -1541.510999 -1234.374075 -3029.683962
329.00 -2984075.585132 -4835805.367939 3202994.407670 -1544.516247 -1234.305103 -3042.917874
330.00 -2985621.611496 -4837039.639468 3199944.859264 -1547.543470 -1234.240401 -3056.183904
331.00 -2987170.699165 -4838273.855923 3196882.019346 -1550.643199 -1234.194541 -3069.505879
332.00 -2988722.908804 -4839508.020213 3193805.836197 -1553.783970 -1234.134935 -3082.872538
333.00 -2990278.262263 -4840742.118244 3190716.262030 -1556.918383 -1234.059572 -3096.283399
334.00 -2991836.729376 -4841976.138729 3187613.253931 -1560.008917 -1233.984019 -3109.740000
335.00 -2993398.300459 -4843210.115402 3184496.745237 -1563.127804 -1233.967119 -3123.272211
336.00 -2994963.005924 -4844444.092483 3181366.691006 -1566.294716 -1233.992474 -3136.845295
337.00 -2996530.886784 -4845678.082384 3178223.063979 -1569.481681 -1233.991481 -3150.423280
338.00 -2998101.977305 -4846912.069164 3175065.832394 -1572.706908 -1233.983832 -3164.054865
339.00 -2999676.302452 -4848146.042395 3171894.935126 -1575.946600 -1233.961932 -3177.756372
340.00 -3001253.890506 -4849380.008106 3168710.277603 -1579.220737 -1233.962353 -3191.556876
341.00 -3002834.737407 -4850613.976594 3165511.806507 -1582.468422 -1233.976808 -3205.392505
342.00 -3004418.819666 -4851847.959797 3162299.494506 -1585.699332 -1233.992717 -3219.237482
343.00 -3006006.161441 -4853081.978218 3159073.308140 -1588.989357 -1234.042162 -3233.134602
344.00 -3007596.814564 -4854316.033278 3155833.216089 -1592.320269 -1234.061539 -3247.052424
345.00 -3009190.818403 -4855550.099973 3152579.177467 -1595.690006 -1234.072400 -3261.039885
346.00 -3010788.210967 -4856784.198120 3149311.086155 -1599.086326 -1234.121474 -3275.150428
347.00 -3012388.957938 -4858018.331394 3146028.878338 -1602.421207 -1234.164479 -3289.296788
348.00 -3013993.055948 -4859252.534077 3142732.475705 -1605.776327 -1234.243082 -3303.512117
349.00 -3015600.517432 -4860486.812115 3139421.860951 -1609.171179 -1234.322766 -3317.732001
350.00 -3017211.449755 -4861721.205033 3136096.967850 -1612.694166 -1234.454222 -3332.052304
351.00 -3018825.912428 -4862955.709940 3132757.744003 -1616.219205 -1234.540189 -3346.392549
352.00 -3020443.900226 -4864190.301786 3129404.128856 -1619.751598 -1234.644775 -3360.852341
353.00 -3022065.406312 -4865425.007655 3126036.007344 -1623.252364 -1234.771363 -3375.398738
354.00 -3023690.417273 -4866659.872017 3122653.296953 -1626.754070 -1234.945181 -3390.003087
355.00 -3025318.932720 -4867894.899797 3119255.998824 -1630.288944 -1235.111621 -3404.599320
356.00 -3026951.025487 -4869130.100611 3115844.074386 -1633.905527 -1235.288077 -3419.257690
357.00 -3028586.745444 -4870365.455539 3112417.479925 -1637.534372 -1235.418024 -3433.940167
358.00 -3030226.096646 -4871600.938063 3108976.163929 -1641.170211 -1235.551246 -3448.710017
359.00 -3031869.084588 -4872836.559083 3105520.035692 -1644.801037 -1235.692660 -3463.553678
360.00 -3033515.712878 -4874072.343632 3102049.022555 -1648.461728 -1235.880291 -3478.481735
361.00 -3035166.031158 -4875308.336257 3098563.048090 -1652.184354 -1236.110261 -3493.474482
362.00 -3036820.081352 -4876544.553483 3095062.086002 -1655.920799 -1236.325810 -3508.462938
363.00 -3038477.884014 -4877780.985642 3091546.095802 -1659.686556 -1236.536453 -3523.533714
364.00 -3040139.473945 -4879017.636769 3088014.965295 -1663.490445 -1236.757374 -3538.731647
365.00 -3041804.869707 -4880254.510422 3084468.602914 -1667.306338 -1236.998096 -3554.010712
366.00 -3043474.100774 -4881491.656046 3080906.909742 -1671.153599 -1237.293498 -3569.374545
367.00 -3045147.168823 -4882729.090882 3077329.871564 -1674.999655 -1237.587988 -3584.719378
368.00 -3046824.130419 -4883966.841208 3073737.439532 -1678.939794 -1237.922038 -3600.171598
369.00 -3048505.048923 -4885204.926568 3070129.502164 -1682.888760 -1238.236551 -3615.708206
370.00 -3050189.904912 -4886443.302134 3066505.996342 -1686.817588 -1238.505734 -3631.310004
371.00 -3051878.699823 -4887681.943123 3062866.853862 -1690.782578 -1238.782731 -3646.991358
372.00 -3053571.475596 -4888920.867091 3059212.010909 -1694.773293 -1239.069143 -3662.699531
373.00 -3055268.270411 -4890160.098750 3055541.429161 -1698.821647 -1239.397727 -3678.474557
374.00 -3056969.113353 -4891399.666613 3051855.052441 -1702.865228 -1239.746044 -3694.295088
375.00 -3058674.009842 -4892639.602528 3048152.802955 -1706.930970 -1240.129821 -3710.221726
376.00 -3060382.968730 -4893879.910972 3044434.591586 -1711.000909 -1240.492654 -3726.233689
377.00 -3062096.019792 -4895120.568478 3040700.318214 -1715.086536 -1240.797139 -3742.291471
378.00 -3063813.189247 -4896361.529757 3036949.958993 -1719.271528 -1241.136906 -3758.444906
379.00 -3065534.567121 -4897602.846395 3033183.435070 -1723.497467 -1241.519006 -3774.629703
380.00 -3067260.179026 -4898844.582372 3029400.681857 -1727.719356 -1241.956854 -3790.885608
381.00 -3068989.981392 -4900086.755948 3025601.648941 -1731.902131 -1242.409811 -3807.223209
382.00 -3070724.013508 -4901329.422039 3021786.166304 -1736.162041 -1242.915704 -3823.748480
383.00 -3072462.313944 -4902572.568981 3017954.139230 -1740.449062 -1243.369019 -3840.310049
384.00 -3074204.957097 -4903816.164219 3014105.506878 -1744.848326 -1243.817545 -3856.961433
385.00 -3075952.008925 -4905060.187982 3010240.235136 -1749.265904 -1244.239869 -3873.599677
386.00 -3077703.495520 -4906304.656303 3006358.280442 -1753.714386 -1244.706980 -3890.332831
387.00 -3079459.415179 -4907549.603914 3002459.553279 -1758.132137 -1245.200856 -3907.153950
388.00 -3081219.729974 -4908795.045760 2998543.972963 -1762.499464 -1245.684612 -3924.022053
389.00 -3082984.424639 -4910040.967286 2994611.477017 -1766.910161 -1246.168356 -3941.002882
390.00 -3084753.576182 -4911287.382063 2990661.932054 -1771.403464 -1246.658146 -3958.095425
391.00 -3086527.248462 -4912534.272879 2986695.275176 -1775.959313 -1247.135176 -3975.242592
392.00 -3088305.498129 -4913781.650905 2982711.448655 -1780.547463 -1247.628870 -3992.427412
393.00 -3090088.356177 -4915029.551308 2978710.381523 -1785.161136 -1248.169292 -4009.709404
394.00 -3091875.835632 -4916278.004073 2974691.988325 -1789.802239 -1248.738769 -4027.089595
395.00 -3093667.967034 -4917527.030256 2970656.169056 -1794.471885 -1249.316577 -4044.570246
396.00 -3095464.805293 -4918776.642233 2966602.799037 -1799.207376 -1249.904104 -4062.182051
397.00 -3097266.379484 -4920026.824631 2962531.794353 -1803.949701 -1250.465946 -4079.845355
398.00 -3099072.710740 -4921277.581997 2958443.098757 -1808.722488 -1251.062023 -4097.564886
399.00 -3100883.854145 -4922528.970190 2954336.620215 -1813.573670 -1251.720848 -4115.414652
400.00 -3102699.863430 -4923781.024089 2950212.239623 -1818.444871 -1252.383573 -4133.364934
401.00 -3104520.759603 -4925033.735783 2946069.840599 -1823.353440 -1253.036149 -4151.452249
402.00 -3106346.573628 -4926287.084276 2941909.312460 -1828.277181 -1253.657552 -4169.621799
403.00 -3108177.324750 -4927541.057204 2937730.568712 -1833.226265 -1254.292118 -4187.869423
404.00 -3110013.067231 -4928795.708195 2933533.516892 -1838.269752 -1255.029062 -4206.250759
405.00 -3111853.881459 -4930051.146138 2929318.028033 -1843.354496 -1255.846253 -4224.726778
406.00 -3113699.756371 -4931307.380215 2925084.079473 -1848.412923 -1256.631253 -4243.207159
407.00 -3115550.721265 -4932564.398618 2920831.570355 -1853.517589 -1257.390797 -4261.824395
408.00 -3117406.833935 -4933822.171417 2916560.327384 -1858.713856 -1258.149116 -4280.684176
409.00 -3119268.140547 -4935080.677779 2912270.192179 -1863.905449 -1258.869587 -4299.601860
410.00 -3121134.674193 -4936339.949417 2907961.071703 -1869.149364 -1259.673241 -4318.624413
411.00 -3123006.453066 -4937600.040461 2903632.927432 -1874.426999 -1260.524311 -4337.694259
412.00 -3124883.543091 -4938861.008309 2899285.646541 -1879.759488 -1261.411362 -4356.885069
413.00 -3126765.959437 -4940122.838494 2894919.140658 -1885.069201 -1262.237237 -4376.136667
414.00 -3128653.698353 -4941385.465933 2890533.323922 -1890.413659 -1263.008350 -4395.517813
415.00 -3130546.791228 -4942648.840197 2886128.076811 -1895.783513 -1263.745487 -4414.994612
416.00 -3132445.271846 -4943912.960076 2881703.329562 -1901.192422 -1264.512860 -4434.522821
417.00 -3134349.205922 -4945177.903810 2877258.986493 -1906.686321 -1265.392461 -4454.185865
418.00 -3136258.641595 -4946443.751203 2872794.951846 -1912.193403 -1266.312264 -4473.908802
419.00 -3138173.614120 -4947710.536603 2868311.105351 -1917.759427 -1267.256693 -4493.815538
420.00 -3140094.161219 -4948978.254436 2863807.268387 -1923.345639 -1268.180007 -4513.898895
421.00 -3142020.315599 -4950246.880271 2859283.279913 -1928.972586 -1269.064675 -4534.093321
422.00 -3143952.124135 -4951516.380330 2854739.054541 -1934.664664 -1269.946339 -4554.384878
423.00 -3145889.656108 -4952786.785856 2850174.502233 -1940.418106 -1270.890341 -4574.754557
424.00 -3147832.973357 -4954058.175791 2845589.527411 -1946.230003 -1271.906323 -4595.228408
425.00 -3149782.085150 -4955330.580452 2840984.053231 -1951.984146 -1272.892677 -4615.728307
426.00 -3151736.952223 -4956603.948341 2836358.009542 -1957.730898 -1273.819477 -4636.354064
427.00 -3153697.558868 -4957878.203538 2831711.304501 -1963.500182 -1274.693344 -4657.083841
428.00 -3155663.994771 -4959153.342291 2827043.789558 -1969.387709 -1275.592395 -4677.963074
429.00 -3157636.363574 -4960429.407697 2822355.343920 -1975.355967 -1276.551435 -4698.940317
430.00 -3159614.717211 -4961706.474895 2817645.870957 -1981.356674 -1277.599436 -4720.034582
431.00 -3161599.075780 -4962984.619093 2812915.222529 -1987.380327 -1278.701748 -4741.317048
432.00 -3163589.458805 -4964263.839423 2808163.230296 -1993.388207 -1279.721910 -4762.669921
433.00 -3165585.889497 -4965544.060161 2803389.829788 -1999.487544 -1280.714078 -4784.138602
434.00 -3167588.505284 -4966825.298350 2798594.868884 -2005.757947 -1281.759029 -4805.794659
435.00 -3169597.393170 -4968107.576701 2793778.244710 -2012.034791 -1282.818316 -4827.494217
436.00 -3171612.583165 -4969390.964578 2788939.822325 -2018.329268 -1283.957698 -4849.360190
437.00 -3173634.057025 -4970675.506032 2784079.453997 -2024.607363 -1285.116317 -4871.391025
438.00 -3175661.781478 -4971961.169550 2779197.032477 -2030.860849 -1286.217294 -4893.497592
439.00 -3177695.842448 -4973247.967425 2774292.340578 -2037.276924 -1287.373588 -4915.908540
440.00 -3179736.356070 -4974535.898720 2769365.218678 -2043.762581 -1288.488161 -4938.337195
441.00 -3181783.404858 -4975824.967504 2764415.627584 -2050.334655 -1289.654006 -4960.844083
442.00 -3183836.992287 -4977115.206260 2759443.538497 -2056.834535 -1290.832735 -4983.364532
443.00 -3185897.069401 -4978406.646152 2754448.813928 -2063.306153 -1292.035164 -5006.100150
444.00 -3187963.608073 -4979699.256616 2749431.303078 -2069.780246 -1293.175559 -5028.938854
445.00 -3190036.668893 -4980992.993964 2744390.886532 -2076.365991 -1294.298136 -5051.923418
446.00 -3192116.390887 -4982287.851224 2739327.407865 -2083.102500 -1295.419196 -5075.046680
447.00 -3194202.904858 -4983583.844036 2734240.764483 -2089.938876 -1296.583891 -5098.269710
448.00 -3196296.276774 -4984881.065886 2729130.796200 -2096.776623 -1297.864330 -5121.668187
449.00 -3198396.452515 -4986179.607309 2723997.328654 -2103.565059 -1299.224353 -5145.304754
450.00 -3200503.396963 -4987479.504406 2718840.136568 -2110.343249 -1300.572760 -5169.118030
451.00 -3202617.188990 -4988780.745555 2713659.037235 -2117.255306 -1301.894691 -5193.079250
452.00 -3204737.955808 -4990083.276821 2708453.946933 -2124.303654 -1303.164300 -5217.134416
453.00 -3206865.826422 -4991387.070825 2703224.722660 -2131.447849 -1304.433965 -5241.351782
454.00 -3209000.877381 -4992692.182924 2697971.134896 -2138.636079 -1305.786508 -5265.829608
455.00 -3211143.049369 -4993998.633828 2692693.081273 -2145.652149 -1307.084960 -5290.212595
456.00 -3213292.182355 -4995306.364180 2687390.674563 -2152.621582 -1308.380262 -5314.620927
457.00 -3215448.303349 -4996615.372423 2682063.843911 -2159.629973 -1309.625208 -5339.033228
458.00 -3217611.518732 -4997925.629062 2676712.521369 -2166.820667 -1310.879271 -5363.624073
459.00 -3219781.995555 -4999237.125709 2671336.523206 -2174.144566 -1312.111502 -5388.398142
460.00 -3221959.815695 -5000549.853455 2665935.662654 -2181.483573 -1313.345637 -5413.351498
461.00 -3224144.960919 -5001863.853334 2660509.711787 -2188.816744 -1314.674669 -5438.611643
462.00 -3226337.418122 -5003179.204006 2655058.425753 -2196.112396 -1316.047756 -5464.005653
463.00 -3228537.207652 -5004495.961794 2649581.667531 -2203.476675 -1317.464599 -5489.518362
464.00 -3230744.420439 -5005814.130920 2644079.340878 -2210.962571 -1318.862085 -5515.137883
465.00 -3232959.203553 -5007133.684862 2638551.288484 -2218.631205 -1320.240922 -5541.009309
466.00 -3235181.705178 -5008454.601465 2632997.284809 -2226.393499 -1321.605238 -5567.049718
467.00 -3237411.964429 -5009776.895642 2627417.170137 -2234.130200 -1323.011637 -5593.242284
468.00 -3239649.948489 -5011100.667306 2621810.728035 -2241.821479 -1324.542569 -5619.665616
469.00 -3241895.628958 -5012426.009961 2616177.742238 -2249.568095 -1326.155000 -5646.364354
470.00 -3244149.111535 -5013752.957087 2610517.969035 -2257.399257 -1327.712478 -5673.163278
471.00 -3246410.514329 -5015081.433636 2604831.320198 -2265.459354 -1329.249103 -5700.203980
472.00 -3248680.056149 -5016411.446214 2599117.528607 -2273.621101 -1330.767983 -5727.380076
473.00 -3250957.797843 -5017743.013918 2593376.433243 -2281.855757 -1332.386249 -5754.850456
474.00 -3253243.766198 -5019076.262844 2587607.721428 -2290.073482 -1334.121079 -5782.600449
475.00 -3255537.930895 -5020411.257788 2581811.202274 -2298.253189 -1335.872809 -5810.464000
476.00 -3257840.375102 -5021748.068015 2575986.582416 -2306.665329 -1337.751279 -5838.821572
477.00 -3260151.279423 -5023086.715759 2570133.561791 -2315.159208 -1339.521459 -5867.235935
478.00 -3262470.611025 -5024427.004561 2564252.269554 -2323.455964 -1341.005021 -5895.263934
479.00 -3264798.171650 -5025768.688092 2558343.067558 -2331.668399 -1342.357433 -5923.139837
480.00 -3267133.989429 -5027111.756850 2552405.931045 -2339.995648 -1343.807261 -5951.180803
481.00 -3269478.190634 -5028456.332773 2546440.649419 -2348.402935 -1345.348272 -5979.387197
482.00 -3271830.814195 -5029802.481327 2540447.058229 -2356.866149 -1346.963945 -6007.868178
483.00 -3274191.932621 -5031150.267217 2534424.845655 -2365.368587 -1348.600398 -6036.577703
484.00 -3276561.568051 -5032499.660222 2528373.824287 -2373.922779 -1350.183373 -6065.521405
485.00 -3278939.792016 -5033850.590966 2522293.764138 -2382.559504 -1351.673435 -6094.661633
486.00 -3281326.707255 -5035202.998684 2516184.443121 -2391.284965 -1353.150917 -6124.013581
487.00 -3283722.388152 -5036556.927051 2510045.658873 -2400.067712 -1354.721802 -6153.558241
488.00 -3286126.893356 -5037912.532013 2503877.189198 -2408.958250 -1356.517195 -6183.417875
489.00 -3288540.322407 -5039269.996678 2497678.778748 -2417.930448 -1358.422293 -6213.440755
490.00 -3290962.804865 -5040629.378516 2491450.255970 -2427.078398 -1360.347217 -6243.661795
491.00 -3293394.540145 -5041990.667265 2485191.389156 -2436.433109 -1362.218144 -6274.124275
492.00 -3295835.748046 -5043353.801964 2478901.894563 -2445.989482 -1364.034034 -6304.874056
493.00 -3298286.560833 -5044718.748975 2472581.541470 -2455.644586 -1365.869864 -6335.873239
494.00 -3300747.033358 -5046085.579813 2466230.100544 -2465.309483 -1367.824584 -6367.040223
495.00 -3303217.208453 -5047454.485333 2459847.391204 -2475.075112 -1370.040147 -6398.444844
496.00 -3305697.254518 -5048825.720775 2453433.108986 -2485.037889 -1372.427290 -6430.118960
497.00 -3308187.348867 -5050199.329225 2446987.081969 -2495.207197 -1374.785680 -6462.015994
498.00 -3310687.761361 -5051575.264036 2440508.934150 -2505.658926 -1377.069994 -6494.355595
499.00 -3313198.697261 -5052953.451620 2433998.269173 -2516.222503 -1379.309313 -6527.009090
500.00 -3315720.217562 -5054333.933340 2427454.808583 -2526.826702 -1381.689343 -6559.971354
501.00 -3318252.354890 -5055716.900572 2420878.255433 -2537.466710 -1384.286972 -6593.186031
502.00 -3320795.209838 -5057102.584322 2414268.322636 -2548.275423 -1387.109438 -6626.724627
503.00 -3323348.985540 -5058491.150770 2407624.686689 -2559.334699 -1390.039436 -6660.640359
504.00 -3325913.910036 -5059882.608057 2400946.990239 -2570.551790 -1392.861399 -6694.822542
505.00 -3328490.138237 -5061276.849508 2394234.942593 -2581.932151 -1395.633859 -6729.337672
506.00 -3331077.778427 -5062673.878920 2387488.303500 -2593.411542 -1398.472016 -6764.058690
507.00 -3333676.992698 -5064073.833923 2380706.771088 -2605.040439 -1401.463616 -6799.069032
508.00 -3336287.893315 -5065476.858605 2373890.038052 -2616.778810 -1404.612900 -6834.474267
509.00 -3338910.610903 -5066883.123257 2367037.578993 -2628.646651 -1407.917286 -6870.502272
510.00 -3341545.059456 -5068292.614069 2360149.153466 -2640.210727 -1411.029105 -6906.306679
511.00 -3344191.052327 -5069705.158586 2353224.900679 -2651.762066 -1414.024945 -6942.131433
512.00 -3346848.711786 -5071120.667451 2346264.807122 -2663.631201 -1416.992557 -6978.096869
513.00 -3349518.487210 -5072539.152573 2339268.578752 -2675.959089 -1419.963287 -7014.360425
514.00 -3352200.692664 -5073960.617993 2332235.975016 -2688.462643 -1423.000218 -7050.918744
515.00 -3354895.366573 -5075385.229417 2325166.608549 -2700.878392 -1426.286375 -7087.920190
516.00 -3357602.338250 -5076813.219540 2318060.112586 -2713.092921 -1429.742529 -7125.236530
517.00 -3360321.531589 -5078244.746723 2310916.010466 -2725.299965 -1433.325531 -7163.018040
518.00 -3363052.995594 -5079679.926571 2303733.993256 -2737.515894 -1436.935577 -7200.714046
519.00 -3365795.924780 -5081118.108046 2296516.111727 -2748.199958 -1439.272564 -7234.610679
520.00 -3368549.489934 -5082558.357438 2289264.937675 -2759.003048 -1441.174757 -7267.705545
521.00 -3371313.386016 -5083999.969366 2281981.949430 -2766.033482 -1440.385164 -7293.054613
522.00 -3374077.244012 -5085436.577848 2274686.976956 -2761.593728 -1432.778359 -7296.719275
523.00 -3376836.536874 -5086865.504132 2267388.580375 -2756.983623 -1425.071098 -7300.064646
524.00 -3379591.205007 -5088286.717539 2260086.856288 -2752.350151 -1417.354659 -7303.378893
525.00 -3382341.235013 -5089700.213404 2252781.828894 -2747.707555 -1409.636858 -7306.671005
526.00 -3385086.617665 -5091105.990717 2245473.519924 -2743.053566 -1401.916045 -7309.940506
527.00 -3387827.339834 -5092504.044934 2238161.952869 -2738.389814 -1394.192188 -7313.192032
528.00 -3390563.396248 -5093894.374517 2230847.140774 -2733.724261 -1386.466342 -7316.429224
529.00 -3393294.786964 -5095276.975447 2223529.098309 -2729.055931 -1378.735299 -7319.653610
530.00 -3396021.505961 -5096651.844423 2216207.837784 -2724.380894 -1371.002348 -7322.865303
531.00 -3398743.547667 -5098018.980843 2208883.372217 -2719.702431 -1363.272092 -7326.062905
532.00 -3401460.907967 -5099378.387382 2201555.714353 -2715.015825 -1355.542366 -7329.251815
533.00 -3404173.577598 -5100730.064471 2194224.871873 -2710.321862 -1347.811503 -7332.431893
534.00 -3406881.550142 -5102074.010847 2186890.854385 -2705.621791 -1340.079676 -7335.602122
535.00 -3409584.819494 -5103410.224916 2179553.671495 -2700.915791 -1332.347182 -7338.762296
536.00 -3412283.379502 -5104738.704657 2172213.332809 -2696.203359 -1324.612109 -7341.913307
537.00 -3414977.224897 -5106059.449142 2164869.848762 -2691.486248 -1316.876398 -7345.053265
538.00 -3417666.350535 -5107372.457027 2157523.229893 -2686.764224 -1309.139126 -7348.182597
539.00 -3420350.752105 -5108677.727054 2150173.485994 -2682.040528 -1301.401509 -7351.306558
540.00 -3423030.427731 -5109975.259054 2142820.623523 -2677.308996 -1293.662099 -7354.415769
541.00 -3425705.368399 -5111265.050634 2135464.657929 -2672.571479 -1285.920879 -7357.513646
542.00 -3428375.569111 -5112547.100358 2128105.599777 -2667.828967 -1278.178467 -7360.600883
543.00 -3431041.024756 -5113821.407118 2120743.459711 -2663.081465 -1270.434875 -7363.677474
544.00 -3433701.730498 -5115087.969629 2113378.248396 -2658.329405 -1262.689691 -7366.743183
545.00 -3436357.681601 -5116346.786449 2106009.976682 -2653.571945 -1254.943775 -7369.798469
546.00 -3439008.872819 -5117597.856740 2098638.655011 -2648.809517 -1247.196715 -7372.843095
547.00 -3441655.299270 -5118841.179772 2091264.294277 -2644.042498 -1239.449127 -7375.876633
548.00 -3444296.956081 -5120076.754288 2083886.905109 -2639.270154 -1231.699817 -7378.899926
549.00 -3446933.838014 -5121304.578979 2076506.497984 -2634.492861 -1223.949400 -7381.912544
550.00 -3449565.940242 -5122524.652665 2069123.083580 -2629.710628 -1216.197888 -7384.914484
551.00 -3452193.257711 -5123736.974337 2061736.672577 -2624.923460 -1208.445295 -7387.905741
552.00 -3454815.785606 -5124941.542840 2054347.275660 -2620.131366 -1200.691631 -7390.886311
553.00 -3457433.518888 -5126138.357189 2046954.903519 -2615.334351 -1192.936910 -7393.856189
554.00 -3460046.452758 -5127327.416253 2039559.566848 -2610.532424 -1185.181143 -7396.815370
555.00 -3462654.582187 -5128508.719073 2032161.276347 -2605.725591 -1177.424343 -7399.763849
556.00 -3465257.903032 -5129682.264715 2024760.041857 -2600.917512 -1169.667514 -7402.706542
557.00 -3467856.413356 -5130848.053078 2017355.869943 -2596.101617 -1161.908881 -7405.634588
558.00 -3470450.104698 -5132006.082080 2009948.776287 -2591.280107 -1154.149054 -7408.550937
559.00 -3473038.972031 -5133156.350801 2002538.771641 -2586.453720 -1146.388244 -7411.456567
560.00 -3475623.010601 -5134298.858185 1995125.866727 -2581.622462 -1138.626461 -7414.351473
561.00 -3478202.215421 -5135433.603345 1987710.072271 -2576.786341 -1130.863719 -7417.235652
562.00 -3480776.581750 -5136560.585248 1980291.399001 -2571.945362 -1123.100029 -7420.109098
563.00 -3483346.104615 -5137679.803033 1972869.857654 -2567.099534 -1115.335405 -7422.971807
564.00 -3485910.779290 -5138791.255691 1965445.458968 -2562.248863 -1107.569857 -7425.823775
565.00 -3488470.600817 -5139894.942385 1958018.213687 -2557.393357 -1099.803399 -7428.664997
566.00 -3491025.564482 -5140990.862130 1950588.132557 -2552.533022 -1092.036043 -7431.495469
567.00 -3493575.665342 -5142079.014116 1943155.226333 -2547.667867 -1084.267800 -7434.315188
568.00 -3496120.898696 -5143159.397381 1935719.505769 -2542.797896 -1076.498684 -7437.124147
569.00 -3498661.259618 -5144232.011139 1928280.981626 -2537.923119 -1068.728707 -7439.922344
570.00 -3501196.743421 -5145296.854453 1920839.664670 -2533.043542 -1060.957880 -7442.709774
571.00 -3503727.345192 -5146353.926561 1913395.565669 -2528.159172 -1053.186217 -7445.486432
572.00 -3506253.060258 -5147403.226552 1905948.695397 -2523.270017 -1045.413728 -7448.252315
573.00 -3508773.884329 -5148444.753828 1898499.063749 -2518.379564 -1037.641228 -7451.012465
574.00 -3511289.815864 -5149478.508218 1891046.676989 -2513.481752 -1029.867332 -7453.758079
575.00 -3513800.846292 -5150504.488161 1883591.551245 -2508.578283 -1022.092443 -7456.491610
576.00 -3516306.970932 -5151522.692786 1876133.697367 -2503.670058 -1014.316778 -7459.214348
577.00 -3518808.184911 -5152533.121404 1868673.126148 -2498.757082 -1006.540351 -7461.926290
578.00 -3521304.483602 -5153535.773178 1861209.848388 -2493.839364 -998.763172 -7464.627431
579.00 -3523795.862207 -5154530.647402 1853743.874888 -2488.916911 -990.985254 -7467.317767
580.00 -3526282.315936 -5155517.743385 1846275.216457 -2483.989730 -983.206610 -7469.997294
581.00 -3528763.840181 -5156497.060326 1838803.883904 -2479.057829 -975.427252 -7472.666009
582.00 -3531240.430108 -5157468.597597 1831329.888045 -2474.121214 -967.647193 -7475.323906
583.00 -3533712.081126 -5158432.354422 1823853.239700 -2469.179892 -959.866443 -7477.970982
584.00 -3536178.788413 -5159388.330198 1816373.949690 -2464.233872 -952.085017 -7480.607233
585.00 -3538640.547393 -5160336.524174 1808892.028843 -2459.283160 -944.302925 -7483.232655
586.00 -3541097.353258 -5161276.935771 1801407.487991 -2454.327764 -936.520181 -7485.847244
587.00 -3543549.201448 -5162209.564262 1793920.337969 -2449.367690 -928.736796 -7488.450995
588.00 -3545996.087169 -5163134.409094 1786430.589615 -2444.402947 -920.952783 -7491.043906
589.00 -3548438.005875 -5164051.469563 1778938.253772 -2439.433542 -913.168154 -7493.625971
590.00 -3550874.952787 -5164960.745141 1771443.341289 -2434.459481 -905.382922 -7496.197188
591.00 -3553306.923374 -5165862.235150 1763945.863015 -2429.480773 -897.597098 -7498.757551
592.00 -3555733.912872 -5166755.939085 1756445.829805 -2424.497424 -889.810696 -7501.307058
593.00 -3558155.916764 -5167641.856293 1748943.252518 -2419.509442 -882.023726 -7503.845705
594.00 -3560572.930301 -5168519.986293 1741438.142017 -2414.516834 -874.236203 -7506.373486
595.00 -3562984.948980 -5169390.328457 1733930.509168 -2409.519608 -866.448137 -7508.890400
596.00 -3565391.968067 -5170252.882330 1726420.364841 -2404.517772 -858.659541 -7511.396441
597.00 -3567793.983075 -5171107.647307 1718907.719911 -2399.511331 -850.870428 -7513.891607
598.00 -3570190.989285 -5171954.622957 1711392.585255 -2394.500295 -843.080809 -7516.375892
599.00 -3572582.982222 -5172793.808700 1703874.971754 -2389.484669 -835.290697 -7518.849294
600.00 -3574969.957184 -5173625.204131 1696354.890295 -2384.464463 -827.500105 -7521.311809