#Unix T+0 Time (s)
1768137540.00

# Delta T+ Time (s), ECEF Target Position (m), ECEF Target Velocity (m/s)
0.00 -2675256.947583 -4521694.763384 3604420.399936 -0.011257 -0.019285 0.015176
1.00 -2675257.555195 -4521695.803707 3604421.219533 -1.215126 -2.080166 1.642540
2.00 -2675259.473248 -4521699.073599 3604423.817489 -2.641366 -4.486934 3.583516
3.00 -2675262.928855 -4521704.918258 3604428.510424 -4.268737 -7.197526 5.800411
4.00 -2675268.048549 -4521713.532564 3604435.469923 -5.966417 -10.026110 8.114633
5.00 -2675274.900589 -4521725.040539 3604444.793886 -7.735858 -12.988299 10.532220
6.00 -2675283.560138 -4521739.577960 3604456.589153 -9.577268 -16.079033 13.050222
7.00 -2675294.087862 -4521757.248672 3604470.935085 -11.474328 -19.248680 15.632641
8.00 -2675306.545523 -4521778.120899 3604487.896628 -13.434653 -22.483119 18.282034
9.00 -2675320.981841 -4521802.258167 3604507.534236 -15.428577 -25.778854 20.981083
10.00 -2675337.427913 -4521829.726851 3604529.895592 -17.455094 -29.147105 23.730900
11.00 -2675355.914367 -4521860.589256 3604555.026026 -19.512292 -32.566134 26.524921
12.00 -2675376.472365 -4521894.877117 3604583.001275 -21.595589 -35.988430 29.431355
13.00 -2675399.127270 -4521932.600477 3604613.924342 -23.708777 -39.459136 32.390967
14.00 -2675423.919083 -4521973.870730 3604647.761555 -25.875350 -43.095304 35.249287
15.00 -2675450.907134 -4522018.859800 3604684.404969 -28.098389 -46.887213 38.013345
16.00 -2675480.144048 -4522067.703298 3604723.788608 -30.373575 -50.803794 40.736055
17.00 -2675511.679112 -4522120.523490 3604765.876619 -32.694861 -54.841025 43.420886
18.00 -2675545.559482 -4522177.446152 3604810.625580 -35.065620 -59.011146 46.056788
19.00 -2675581.834199 -4522238.600481 3604857.982365 -37.484432 -63.303285 48.638736
20.00 -2675620.553881 -4522304.108127 3604907.897959 -39.955847 -67.718351 51.175464
21.00 -2675661.769837 -4522374.093523 3604960.330306 -42.475883 -72.260739 53.674025
22.00 -2675705.522494 -4522448.680011 3605015.234984 -45.030006 -76.921653 56.119950
23.00 -2675751.851885 -4522527.994807 3605072.562653 -47.627495 -81.714336 58.515737
24.00 -2675800.802047 -4522612.168186 3605132.261025 -50.275680 -86.644422 60.867974
25.00 -2675852.420662 -4522701.335811 3605194.294695 -52.961435 -91.700304 63.187825
26.00 -2675906.743130 -4522795.624353 3605258.635155 -55.684606 -96.888664 65.481298
27.00 -2675963.810802 -4522895.168398 3605325.249049 -58.453884 -102.211639 67.732284
28.00 -2676023.675736 -4523000.100433 3605394.087434 -61.283798 -107.666322 69.932338
29.00 -2676086.402242 -4523110.547927 3605465.101850 -64.178932 -113.244941 72.085880
30.00 -2676152.062214 -4523226.635328 3605538.246708 -67.151556 -118.945999 74.192346
31.00 -2676220.737053 -4523348.486847 3605613.468542 -70.213582 -124.776226 76.237656
32.00 -2676292.527027 -4523476.232921 3605690.699066 -73.383786 -130.736176 78.211216
33.00 -2676367.542520 -4523610.002674 3605769.871692 -76.663033 -136.821057 80.121526
34.00 -2676445.888429 -4523749.915729 3605850.919254 -80.047049 -143.026814 81.963100
35.00 -2676527.673597 -4523896.099239 3605933.775679 -83.542678 -149.358239 83.735842
36.00 -2676613.019307 -4524048.671585 3606018.363395 -87.174129 -155.811883 85.428534
37.00 -2676702.061822 -4524207.758611 3606104.602630 -90.934294 -162.386216 87.037606
38.00 -2676794.927436 -4524373.481232 3606192.407533 -94.823217 -169.086311 88.560929
39.00 -2676891.746564 -4524545.959313 3606281.690502 -98.843281 -175.897181 89.994252
40.00 -2676992.655629 -4524725.306330 3606372.360334 -103.005579 -182.827465 91.334423
41.00 -2677097.798880 -4524911.642991 3606464.319579 -107.311634 -189.874818 92.571497
42.00 -2677207.323611 -4525105.084399 3606557.464594 -111.770577 -197.038706 93.707244
43.00 -2677321.383505 -4525305.744287 3606651.693889 -116.381708 -204.309792 94.738472
44.00 -2677440.131779 -4525513.726378 3606746.903379 -121.150115 -211.686147 95.669110
45.00 -2677563.727598 -4525729.136943 3606842.988074 -126.077694 -219.167300 96.488256
46.00 -2677692.329425 -4525952.077626 3606939.836623 -131.158619 -226.742399 97.195200
47.00 -2677825.997980 -4526182.500737 3607037.265804 -135.929568 -233.695187 97.437980
48.00 -2677963.558745 -4526418.444231 3607134.218422 -139.048235 -237.948394 96.382523
49.00 -2678103.986901 -4526658.187130 3607230.009299 -141.826517 -241.542877 95.215702
50.00 -2678247.222853 -4526901.508130 3607324.611042 -144.670408 -245.125767 93.959664
51.00 -2678393.336224 -4527148.438900 3607417.858523 -147.573707 -248.763583 92.523650
52.00 -2678542.369490 -4527399.035475 3607509.630514 -150.513681 -252.460510 91.023588
53.00 -2678694.368653 -4527653.353009 3607599.876481 -153.512408 -256.200716 89.458469
54.00 -2678849.411857 -4527911.436115 3607688.491515 -156.603632 -259.998341 87.753166
55.00 -2679007.584251 -4528173.348387 3607775.333947 -159.782714 -263.879156 85.931601
56.00 -2679169.505932 -4528439.954922 3607860.583133 -164.429911 -269.869199 84.728880
57.00 -2679336.791801 -4528713.572660 3607944.860789 -170.195048 -277.431984 83.782131
58.00 -2679509.922982 -4528994.843808 3608028.044767 -176.113591 -285.170991 82.566695
59.00 -2679689.049016 -4529283.931151 3608109.952823 -182.190006 -293.053606 81.247881
60.00 -2679874.329714 -4529580.946137 3608190.485353 -188.418250 -301.028013 79.790066
61.00 -2680065.907755 -4529885.993847 3608269.452106 -194.800630 -309.144474 78.126988
62.00 -2680263.956261 -4530199.240977 3608346.684054 -201.355430 -317.414150 76.327562
63.00 -2680468.644650 -4530520.816230 3608422.046035 -208.074253 -325.791090 74.371138
64.00 -2680680.105324 -4530850.793398 3608495.343552 -214.884972 -334.207049 72.197003
65.00 -2680898.423364 -4531189.206268 3608566.371670 -221.823803 -342.694195 69.847969
66.00 -2681123.779789 -4531536.170653 3608634.976921 -228.946935 -351.298175 67.343177
67.00 -2681356.324852 -4531891.795910 3608700.980760 -236.204137 -360.035373 64.640622
68.00 -2681596.211011 -4532256.258683 3608764.191061 -243.641833 -368.979361 61.761475
69.00 -2681843.616636 -4532629.731816 3608824.436385 -251.220919 -378.022182 58.703494
70.00 -2682098.628883 -4533012.268867 3608881.524501 -258.861160 -387.138408 55.449424
71.00 -2682361.339910 -4533404.000162 3608935.267452 -266.636745 -396.417529 52.018127
72.00 -2682631.920258 -4533805.124983 3608985.498729 -274.587282 -405.925956 48.420949
73.00 -2682910.473952 -4534215.814824 3609032.026546 -282.571738 -415.535356 44.603556
74.00 -2683197.040971 -4534636.166973 3609074.625298 -290.646963 -425.285011 40.566581
75.00 -2683491.799915 -4535066.408838 3609113.093494 -298.959364 -435.307972 36.343229
76.00 -2683794.958256 -4535506.777867 3609147.239015 -307.430112 -445.534487 31.914929
77.00 -2684106.641195 -4535957.461423 3609176.845093 -316.004103 -455.929341 27.265888
78.00 -2684426.918388 -4536418.575055 3609201.693864 -324.625966 -466.402910 22.398801
79.00 -2684755.866677 -4536890.221597 3609221.564284 -333.347931 -476.994871 17.307385
80.00 -2685093.565380 -4537372.560465 3609236.237219 -342.091985 -487.819656 11.996058
81.00 -2685440.094480 -4537865.855658 3609245.456545 -351.122792 -498.875781 6.407914
82.00 -2685795.886901 -4538370.253429 3609249.035933 -360.561309 -510.050988 0.758022
83.00 -2686161.161995 -4538885.899583 3609246.958634 -370.055798 -521.341426 -4.930651
84.00 -2686535.958617 -4539412.869705 3609239.129255 -379.647084 -532.725060 -10.751343
85.00 -2686920.449549 -4539951.295165 3609225.422507 -389.428234 -544.241030 -16.680918
86.00 -2687314.775582 -4540501.301654 3609205.735557 -399.327667 -555.912519 -22.721731
87.00 -2687719.087675 -4541063.079692 3609179.923449 -409.401418 -567.765028 -28.937194
88.00 -2688133.575708 -4541636.780114 3609147.817674 -419.711839 -579.803560 -35.298215
89.00 -2688558.521571 -4542222.688590 3609109.286946 -430.301339 -592.177701 -41.799843
90.00 -2688994.145484 -4542821.095676 3609064.155496 -441.059344 -604.780344 -48.504350
91.00 -2689440.590749 -4543432.155540 3609012.231191 -451.931438 -617.462056 -55.378440
92.00 -2689897.957679 -4544055.949960 3608953.350408 -462.937063 -630.304933 -62.424703
93.00 -2690366.451671 -4544692.730768 3608887.325554 -474.180383 -643.417463 -69.668681
94.00 -2690846.264887 -4545342.697226 3608813.959110 -485.566028 -656.668190 -77.110212
95.00 -2691337.551430 -4546006.011229 3608733.055532 -497.143249 -670.133845 -84.742157
96.00 -2691840.500232 -4546682.894751 3608644.432711 -508.874742 -683.788703 -92.550885
97.00 -2692355.217456 -4547373.464851 3608547.895464 -520.684615 -697.505073 -100.584220
98.00 -2692881.826866 -4548077.822413 3608443.191799 -532.694944 -711.407140 -108.891850
99.00 -2693420.563962 -4548796.191549 3608330.047702 -544.936448 -725.524827 -117.464254
100.00 -2693971.649529 -4549528.783196 3608208.192795 -557.374771 -739.828949 -126.317519
101.00 -2694535.222670 -4550275.703979 3608077.342031 -569.908257 -754.175787 -135.458591
102.00 -2695111.402051 -4551037.026840 3607937.209042 -582.618093 -768.669489 -144.887512
103.00 -2695700.400582 -4551812.928216 3607787.501099 -595.534472 -783.314006 -154.609040
104.00 -2696302.405272 -4552603.539172 3607627.924287 -608.659305 -798.126577 -164.635607
105.00 -2696917.652958 -4553409.065609 3607458.168002 -622.015167 -813.138837 -174.967848
106.00 -2697546.358576 -4554229.683011 3607277.931513 -635.579419 -828.309005 -185.598277
107.00 -2698188.732098 -4555065.542762 3607086.910836 -649.345674 -843.618368 -196.539078
108.00 -2698844.988353 -4555916.812555 3606884.799853 -663.371026 -859.160783 -207.783452
109.00 -2699515.385929 -4556783.719310 3606671.304153 -677.618410 -874.881070 -219.298072
110.00 -2700200.133503 -4557666.438877 3606446.183597 -692.057078 -890.765876 -231.044800
111.00 -2700899.365784 -4558565.036886 3606209.143500 -706.602285 -906.645870 -243.169235
112.00 -2701613.223760 -4559479.540328 3605959.762786 -721.327048 -922.601535 -255.730832
113.00 -2702341.963787 -4560410.127049 3605697.596910 -736.388031 -938.837697 -268.744347
114.00 -2703085.907851 -4561357.067836 3605422.205704 -751.716637 -955.291863 -282.176600
115.00 -2703845.250136 -4562320.502297 3605133.214533 -767.203517 -971.848524 -295.952951
116.00 -2704620.203862 -4563300.608133 3604830.246143 -782.937975 -988.634514 -310.135146
117.00 -2705410.978503 -4564297.561829 3604512.923533 -798.826654 -1005.517854 -324.654062
118.00 -2706217.676829 -4565311.411846 3604180.919081 -814.799101 -1022.447884 -339.510107
119.00 -2707040.469366 -4566342.296151 3603833.879230 -831.058371 -1039.640221 -354.736854
120.00 -2707879.627944 -4567390.496897 3603471.448782 -847.496677 -1057.049759 -370.277270
121.00 -2708735.315460 -4568456.215160 3603093.335429 -864.160484 -1074.722525 -386.127303
122.00 -2709607.776285 -4569539.726347 3602699.205915 -881.005871 -1092.587473 -402.298315
123.00 -2710497.137106 -4570641.144055 3602288.752053 -897.983064 -1110.558900 -418.795962
124.00 -2711403.556247 -4571760.605316 3601861.622130 -915.126562 -1128.675723 -435.659494
125.00 -2712327.215690 -4572898.256888 3601417.435409 -932.481408 -1146.956442 -452.922318
126.00 -2713268.345971 -4574054.285767 3600955.770406 -950.066660 -1165.423319 -470.623345
127.00 -2714227.161723 -4575228.840546 3600476.193477 -967.860557 -1184.015506 -488.758341
128.00 -2715203.858601 -4576422.033227 3599978.253478 -985.845289 -1202.713299 -507.370963
129.00 -2716198.650167 -4577633.988208 3599461.447716 -1004.074722 -1221.575950 -526.498009
130.00 -2717211.871111 -4578865.010050 3598925.264042 -1022.728202 -1240.881843 -546.119145
131.00 -2718243.914867 -4580115.510497 3598369.316441 -1041.567545 -1260.360232 -565.906460
132.00 -2719294.337667 -4581384.958218 3597793.882604 -1059.516575 -1278.831299 -585.088213
133.00 -2720362.709490 -4582672.929885 3597199.352802 -1077.580028 -1297.539391 -604.152948
134.00 -2721449.275412 -4583979.793279 3596585.786651 -1095.712964 -1316.378787 -623.056070
135.00 -2722552.736841 -4585304.071990 3595954.128716 -1110.432153 -1331.269981 -639.699197
136.00 -2723664.989604 -4586636.270749 3595309.588400 -1111.784939 -1330.417935 -648.081553
137.00 -2724774.846260 -4587963.194297 3594658.807115 -1107.918916 -1323.419264 -653.474641
138.00 -2725880.827272 -4589283.109891 3594002.640143 -1104.043177 -1316.412492 -658.858907
139.00 -2726983.493627 -4590596.685756 3593340.772400 -1100.979920 -1310.369674 -664.695540
140.00 -2728082.589676 -4591903.613845 3592673.360873 -1097.187846 -1303.456263 -670.115316
141.00 -2729177.840544 -4593203.562385 3592000.555097 -1093.313662 -1296.441041 -675.497178
142.00 -2730269.217908 -4594496.497519 3591322.364308 -1089.438818 -1289.426951 -680.883751
143.00 -2731356.719167 -4595782.417892 3590638.785864 -1085.563510 -1282.414084 -686.273573
144.00 -2732440.344912 -4597061.326084 3589949.816467 -1081.687920 -1275.402553 -691.665482
145.00 -2733520.095024 -4598333.223440 3589255.454520 -1077.812148 -1268.392485 -697.058541
146.00 -2734596.039956 -4599598.188754 3588555.672035 -1074.552882 -1262.064346 -702.706167
147.00 -2735670.819352 -4600859.367079 3587849.155731 -1075.071554 -1260.422917 -710.436001
148.00 -2736746.189883 -4602119.033608 3587134.692498 -1075.667255 -1258.921416 -718.552991
149.00 -2737822.233765 -4603377.251384 3586411.905850 -1076.470021 -1257.506353 -727.068129
150.00 -2738899.209127 -4604634.077605 3585680.536043 -1077.510876 -1256.138136 -735.646150
151.00 -2739977.327925 -4605889.520639 3584940.676775 -1078.705611 -1254.769702 -744.036198
152.00 -2741056.605260 -4607143.663582 3584192.471896 -1079.823762 -1253.513368 -752.363358
153.00 -2742136.976599 -4608396.574783 3583435.959515 -1080.901729 -1252.320169 -760.662902
154.00 -2743218.383212 -4609648.269424 3582671.029345 -1081.892453 -1251.057303 -769.221719
155.00 -2744300.806686 -4610898.723676 3581897.494201 -1082.948374 -1249.829657 -777.874428
156.00 -2745384.334188 -4612147.901789 3581115.289400 -1084.127537 -1248.524540 -786.526058
157.00 -2746469.062716 -4613395.805606 3580324.473930 -1085.326072 -1247.282791 -795.114679
158.00 -2747554.982633 -4614642.507880 3579525.073178 -1086.514636 -1246.137416 -803.675041
159.00 -2748642.086347 -4615888.095375 3578717.090519 -1087.669019 -1245.037020 -812.305615
160.00 -2749730.332373 -4617132.568512 3577900.425757 -1088.826794 -1243.894733 -821.016370
161.00 -2750819.775604 -4618375.874845 3577075.061964 -1090.067250 -1242.724960 -829.704626
162.00 -2751910.492169 -4619618.018237 3576240.993677 -1091.372239 -1241.596263 -838.451764
163.00 -2753002.530038 -4620859.082373 3575398.121937 -1092.688755 -1240.527818 -847.299134
164.00 -2754095.874568 -4622099.110109 3574546.378223 -1094.001663 -1239.517674 -856.191845
165.00 -2755190.564706 -4623338.127218 3573685.795823 -1095.366633 -1238.537903 -864.984945
166.00 -2756286.627944 -4624576.160978 3572816.372782 -1096.729904 -1237.527333 -873.850902
167.00 -2757384.061670 -4625813.167656 3571938.077017 -1098.151466 -1236.486869 -882.740125
168.00 -2758482.899580 -4627049.155921 3571050.887746 -1099.503046 -1235.499880 -891.639039
169.00 -2759583.093959 -4628284.156388 3570154.756791 -1100.891106 -1234.473785 -900.634279
170.00 -2760684.681184 -4629518.142210 3569249.617248 -1102.286485 -1233.488034 -909.664415
171.00 -2761787.637557 -4630751.134061 3568335.413707 -1103.627235 -1232.497171 -918.741181
172.00 -2762891.977406 -4631983.129179 3567412.151249 -1105.050565 -1231.472563 -927.779224
173.00 -2763997.769898 -4633214.092608 3566479.842009 -1106.515426 -1230.450877 -936.831770
174.00 -2765105.037346 -4634444.057221 3565538.494606 -1108.000731 -1229.470453 -945.883283
175.00 -2766213.753045 -4635673.042939 3564588.050651 -1109.407649 -1228.519499 -955.028441
176.00 -2767323.871700 -4636901.089769 3563628.430952 -1110.838937 -1227.559848 -964.176411
177.00 -2768435.428582 -4638128.183073 3562659.670114 -1112.255067 -1226.636337 -973.363724
178.00 -2769548.423953 -4639354.337405 3561681.676784 -1113.719941 -1225.667897 -982.638618
179.00 -2770662.920602 -4640579.523665 3560694.398785 -1115.292968 -1224.762649 -991.907615
180.00 -2771779.072727 -4641803.937612 3559697.767087 -1117.015014 -1224.038300 -1001.344833
181.00 -2772896.965159 -4643027.608650 3558691.679551 -1118.781167 -1223.287785 -1010.841517
182.00 -2774016.619914 -4644250.520056 3557676.044952 -1120.538726 -1222.515623 -1020.450177
183.00 -2775138.033800 -4645472.673424 3556650.780214 -1122.263215 -1221.797259 -1030.083029
184.00 -2776261.172770 -4646694.132446 3555615.916472 -1124.016793 -1221.116806 -1039.617691
185.00 -2777386.104781 -4647914.920927 3554571.549880 -1125.829312 -1220.472894 -1049.094489
186.00 -2778512.845279 -4649135.092084 3553517.703589 -1127.663248 -1219.839690 -1058.590434
187.00 -2779641.429476 -4650354.616888 3552454.311736 -1129.472608 -1219.212907 -1068.225250
188.00 -2780771.794736 -4651573.471577 3551381.187203 -1131.241272 -1218.496125 -1078.032608
189.00 -2781903.956381 -4652791.580840 3550298.229829 -1133.064702 -1217.730844 -1087.911194
190.00 -2783037.958278 -4654008.967186 3549205.416211 -1134.924417 -1217.068422 -1097.675409
191.00 -2784173.815501 -4655225.725826 3548102.876418 -1136.775319 -1216.484485 -1107.378609
192.00 -2785311.522959 -4656441.929013 3546990.671732 -1138.641224 -1215.933876 -1117.016599
193.00 -2786451.085104 -4657657.590671 3545868.772011 -1140.463047 -1215.397906 -1126.807943
194.00 -2787592.503100 -4658872.666871 3544737.021828 -1142.358158 -1214.739837 -1136.705996
195.00 -2788735.791533 -4660087.053935 3543595.303004 -1144.228578 -1214.015908 -1146.753885
196.00 -2789880.959154 -4661300.740920 3542443.489926 -1146.156596 -1213.343769 -1156.825336
197.00 -2791028.139486 -4662513.784209 3541281.742003 -1148.172287 -1212.759613 -1166.677128
198.00 -2792177.304757 -4663726.293053 3540110.141839 -1150.104587 -1212.287599 -1176.509668
199.00 -2793328.381887 -4664938.332093 3538928.674847 -1152.029040 -1211.751254 -1186.453461
200.00 -2794481.380673 -4666149.805435 3537737.194723 -1153.994945 -1211.128964 -1196.555682
201.00 -2795636.347610 -4667360.553949 3536535.469211 -1155.921793 -1210.396795 -1206.868288
202.00 -2796793.219133 -4668570.653950 3535323.485324 -1157.842589 -1209.814151 -1217.061489
203.00 -2797952.051799 -4669780.219541 3534101.384543 -1159.842323 -1209.326468 -1227.129062
204.00 -2799112.922758 -4670989.336042 3532869.283459 -1161.894045 -1208.878106 -1237.082234
205.00 -2800275.853642 -4672197.962775 3531627.134167 -1163.959333 -1208.361771 -1247.235888
206.00 -2801440.835414 -4673406.031192 3530374.724501 -1165.997485 -1207.758129 -1257.612559
207.00 -2802607.868440 -4674613.466808 3529111.898584 -1168.050864 -1207.124507 -1268.041852
208.00 -2803776.963536 -4675820.308968 3527838.636008 -1170.125379 -1206.567658 -1278.439166
209.00 -2804948.153540 -4677026.575957 3526555.024573 -1172.258161 -1205.986389 -1288.771870
210.00 -2806121.480924 -4678232.317139 3525261.115310 -1174.386566 -1205.510822 -1299.026298
211.00 -2807296.876875 -4679437.612521 3523956.890235 -1176.413898 -1205.061328 -1309.442233
212.00 -2808474.330913 -4680642.421853 3522642.165123 -1178.475423 -1204.521970 -1320.030352
213.00 -2809653.877134 -4681846.598673 3521316.793510 -1180.607507 -1203.824474 -1330.697906
214.00 -2810835.522828 -4683050.150917 3519980.763224 -1182.704011 -1203.279133 -1341.313675
215.00 -2812019.304189 -4684253.217567 3518634.211987 -1184.873330 -1202.848878 -1351.773820
216.00 -2813205.285157 -4685455.860981 3517277.216514 -1187.098698 -1202.427454 -1362.237050
217.00 -2814393.483607 -4686658.074818 3515909.682749 -1189.282151 -1201.984407 -1372.861851
218.00 -2815583.861083 -4687859.791761 3514531.442911 -1191.451317 -1201.421587 -1383.666142
219.00 -2816776.396433 -4689060.908189 3513142.326226 -1193.616764 -1200.837154 -1394.528712
220.00 -2817971.098730 -4690261.504401 3511742.371393 -1195.788010 -1200.354791 -1405.384551
221.00 -2819167.990347 -4691461.620500 3510331.596023 -1197.990278 -1199.899277 -1416.145083
222.00 -2820367.130033 -4692661.317541 3508910.097566 -1200.296900 -1199.499468 -1426.832574
223.00 -2821568.591839 -4693860.603329 3507477.880720 -1202.643253 -1199.062940 -1437.592809
224.00 -2822772.364594 -4695059.409082 3506034.831790 -1204.902231 -1198.538070 -1448.512992
225.00 -2823978.384806 -4696257.676606 3504580.791007 -1207.140702 -1197.991884 -1459.584082
226.00 -2825186.611885 -4697455.421403 3503115.615797 -1209.299715 -1197.494101 -1470.748943
227.00 -2826397.039871 -4698652.703933 3501639.317466 -1211.569080 -1197.068063 -1481.829541
228.00 -2827609.771531 -4699849.596067 3500151.992643 -1213.900158 -1196.706519 -1492.810605
229.00 -2828824.879953 -4701046.098438 3498653.695490 -1216.326373 -1196.318629 -1503.779622
230.00 -2830042.412120 -4702242.155336 3497144.342884 -1218.743486 -1195.769057 -1514.925397
231.00 -2831262.409395 -4703437.638442 3495623.824922 -1221.211998 -1195.205962 -1526.127620
232.00 -2832484.776461 -4704632.605871 3494092.037837 -1223.492764 -1194.733895 -1537.446978
233.00 -2833709.363099 -4705827.169227 3492548.875406 -1225.659104 -1194.398207 -1548.885108
234.00 -2834936.151695 -4707021.414399 3490994.312224 -1227.906054 -1194.098081 -1560.214892
235.00 -2836165.237910 -4708215.350855 3489428.457121 -1230.327647 -1193.732806 -1571.480341
236.00 -2837396.858197 -4709408.844250 3487851.347306 -1232.947239 -1193.218578 -1582.740873
237.00 -2838631.100007 -4710601.804673 3486262.928386 -1235.534224 -1192.706461 -1594.100590
238.00 -2839867.836173 -4711794.252697 3484663.046135 -1237.901015 -1192.217897 -1605.698684
239.00 -2841106.859015 -4712986.255511 3483051.482452 -1240.123551 -1191.828835 -1617.418630
240.00 -2842348.105636 -4714177.950253 3481428.259187 -1242.401511 -1191.544612 -1629.017483
241.00 -2843591.747032 -4715369.331075 3479793.475117 -1244.950478 -1191.183244 -1640.514088
242.00 -2844838.049344 -4716560.304340 3478147.209258 -1247.650368 -1190.741057 -1652.023831
243.00 -2846087.009319 -4717750.811063 3476489.355797 -1250.238768 -1190.261916 -1663.713300
244.00 -2847338.524680 -4718940.881223 3474819.798470 -1252.762566 -1189.852295 -1675.456251
245.00 -2848592.493364 -4720130.561578 3473138.404385 -1255.185789 -1189.486766 -1687.303249
246.00 -2849848.876829 -4721319.868730 3471445.179869 -1257.573361 -1189.167729 -1699.166687
247.00 -2851107.713226 -4722508.839983 3469740.039634 -1260.086156 -1188.756813 -1711.159119
248.00 -2852369.091814 -4723697.418750 3468022.924806 -1262.654505 -1188.382723 -1723.036256
249.00 -2853633.111587 -4724885.572159 3466293.962849 -1265.382780 -1187.943786 -1734.902715
250.00 -2854899.921898 -4726073.251309 3464553.122435 -1268.177540 -1187.479480 -1746.811751
251.00 -2856169.377002 -4727260.576537 3462800.352702 -1270.699280 -1187.196036 -1758.760015
252.00 -2857441.317091 -4728447.684844 3461035.581367 -1273.184813 -1187.026180 -1770.791208
253.00 -2858715.772597 -4729634.604354 3459258.763426 -1275.762628 -1186.780515 -1782.840759
254.00 -2859992.865439 -4730821.218596 3457469.865290 -1278.452260 -1186.415670 -1794.954980
255.00 -2861272.718992 -4732007.394283 3455668.797847 -1281.248505 -1185.912866 -1807.181165
256.00 -2862555.327144 -4733193.108235 3453855.520251 -1283.951633 -1185.528734 -1819.383128
257.00 -2863840.651201 -4734378.531958 3452030.065830 -1286.682991 -1185.351271 -1831.486151
258.00 -2865128.686912 -4735563.842147 3450192.487312 -1289.389964 -1185.250050 -1843.677593
259.00 -2866419.432769 -4736749.021529 3448342.669006 -1292.119896 -1185.068995 -1855.991288
260.00 -2867712.958416 -4737934.000453 3446480.517670 -1294.933773 -1184.843430 -1868.307392
261.00 -2869009.324642 -4739118.643938 3444605.976400 -1297.791827 -1184.454306 -1880.763142
262.00 -2870308.535245 -4740302.935901 3442718.956382 -1300.634046 -1184.118705 -1893.253211
263.00 -2871610.557428 -4741486.968842 3440819.486048 -1303.411635 -1183.962981 -1905.673268
264.00 -2872915.328394 -4742670.879778 3438907.599899 -1306.136824 -1183.869690 -1918.099638
265.00 -2874222.836698 -4743854.737699 3436983.245452 -1308.894572 -1183.786748 -1930.589401
266.00 -2875533.206134 -4745038.429623 3435046.392252 -1311.841955 -1183.575134 -1943.141753
267.00 -2876846.558565 -4746221.859654 3433096.930641 -1314.906419 -1183.269122 -1955.777911
268.00 -2878162.985707 -4747404.998026 3431134.824266 -1317.912409 -1183.026339 -1968.440666
269.00 -2879482.345723 -4748587.980321 3429160.032288 -1320.783018 -1182.953052 -1981.161768
270.00 -2880804.513187 -4749770.911980 3427172.473130 -1323.587033 -1182.886182 -1993.932607
271.00 -2882129.511554 -4750953.764813 3425172.130501 -1326.402344 -1182.826602 -2006.764368
272.00 -2883457.431206 -4752136.552934 3423158.986513 -1329.444112 -1182.739317 -2019.531907
273.00 -2884788.433713 -4753319.217395 3421133.068767 -1332.567244 -1182.580136 -2032.270837
274.00 -2886122.624581 -4754501.706048 3419094.408193 -1335.790223 -1182.420363 -2045.059622
275.00 -2887460.006115 -4755684.070306 3417042.907207 -1338.903209 -1182.302980 -2058.013615
276.00 -2888800.347668 -4756866.343203 3414978.320791 -1341.761675 -1182.294481 -2071.136911
277.00 -2890143.536585 -4758048.678861 3412900.595953 -1344.609888 -1182.391807 -2084.290434
278.00 -2891489.661549 -4759231.062749 3410809.730801 -1347.677168 -1182.335965 -2097.434351
279.00 -2892838.992040 -4760413.324134 3408705.775842 -1351.001340 -1182.178475 -2110.480660
280.00 -2894191.671962 -4761595.463935 3406588.762878 -1354.338320 -1182.102170 -2123.570338
281.00 -2895547.663004 -4762777.525389 3404458.630602 -1357.593538 -1182.041272 -2136.702764
282.00 -2896906.773941 -4763959.568298 3402315.277137 -1360.624510 -1182.066848 -2150.007073
283.00 -2898268.891152 -4765141.671244 3400158.595414 -1363.589984 -1182.166894 -2163.375401
284.00 -2899634.043874 -4766323.863611 3397988.538629 -1366.734977 -1182.192947 -2176.729056
285.00 -2901002.426880 -4767506.012145 3395805.119377 -1370.070691 -1182.080762 -2190.108768
286.00 -2902374.193141 -4768688.051483 3393608.289152 -1373.474222 -1182.011867 -2203.534909
287.00 -2903749.364753 -4769870.093508 3391398.087291 -1376.809089 -1182.119804 -2216.904357
288.00 -2905127.815267 -4771052.291930 3389174.483321 -1380.062999 -1182.292264 -2230.321307
289.00 -2906509.461907 -4772234.757452 3386937.423490 -1383.202567 -1182.623197 -2243.795203
290.00 -2907894.235189 -4773417.438160 3384686.734607 -1386.362235 -1182.682626 -2257.584338
291.00 -2909282.286254 -4774600.044006 3382422.238298 -1389.807378 -1182.512586 -2271.420719
292.00 -2910673.923885 -4775782.471480 3380143.938915 -1393.442489 -1182.366817 -2285.142238
293.00 -2912069.107622 -4776964.879364 3377851.959196 -1396.896483 -1182.488935 -2298.811874
294.00 -2913467.668731 -4778147.568011 3375546.318559 -1400.214350 -1182.870474 -2312.511117
295.00 -2914869.501555 -4779330.641929 3373226.872396 -1403.477568 -1183.279786 -2326.368842
296.00 -2916274.661501 -4780514.047360 3370893.482001 -1406.884871 -1183.473318 -2340.430498
297.00 -2917683.327469 -4781697.538954 3368546.032443 -1410.434118 -1183.481386 -2354.505371
298.00 -2919095.591274 -4782880.951438 3366184.437972 -1414.082325 -1183.364088 -2368.682209
299.00 -2920511.512444 -4784064.391750 3363808.720687 -1417.721415 -1183.546704 -2382.715985
300.00 -2921931.005050 -4785248.110571 3361418.994011 -1421.217986 -1183.944205 -2396.747269
301.00 -2923353.993635 -4786432.252423 3359015.215376 -1424.740323 -1184.373095 -2410.821688
302.00 -2924780.515778 -4787616.847792 3356597.333309 -1428.290517 -1184.816154 -2424.975639
303.00 -2926210.624850 -4788801.789541 3354165.217230 -1431.925334 -1185.073182 -2439.266819
304.00 -2927644.402202 -4789986.937883 3351718.775271 -1435.625085 -1185.214790 -2453.630238
305.00 -2929081.871295 -4791172.192450 3349257.914846 -1439.320718 -1185.336817 -2468.067208
306.00 -2930523.038231 -4792357.684263 3346782.633590 -1442.998971 -1185.660051 -2482.493243
307.00 -2931967.856482 -4793543.589967 3344292.938720 -1446.667118 -1186.156735 -2496.895437
308.00 -2933416.368327 -4794730.051009 3341788.841077 -1450.351863 -1186.780239 -2511.311619
309.00 -2934868.644717 -4795917.082293 3339270.300220 -1454.161106 -1187.290495 -2525.804714
310.00 -2936324.714988 -4797104.561581 3336737.168338 -1457.970263 -1187.633499 -2540.475394
311.00 -2937784.621934 -4798292.289011 3334189.293510 -1461.852744 -1187.824927 -2555.265959
312.00 -2939248.383801 -4799480.251347 3331626.593986 -1465.685303 -1188.097668 -2570.159843
313.00 -2940715.970471 -4800668.599705 3329049.020278 -1469.490632 -1188.638041 -2584.950836
314.00 -2942187.447253 -4801857.536856 3326456.707464 -1473.441729 -1189.252189 -2599.684817
315.00 -2943662.849793 -4803047.136730 3323849.663031 -1477.354457 -1189.904389 -2614.449536
316.00 -2945142.201483 -4804237.312974 3321227.754356 -1481.337345 -1190.420337 -2629.445760
317.00 -2946625.509664 -4805427.921143 3318590.724496 -1485.265622 -1190.767603 -2644.612893
318.00 -2948112.768760 -4806618.784646 3315938.466753 -1489.249194 -1191.046313 -2659.865649
319.00 -2949604.021275 -4807810.115869 3313271.005833 -1493.240411 -1191.637332 -2675.017012
320.00 -2951099.227453 -4809002.113927 3310588.438795 -1497.185311 -1192.354573 -2690.120429
321.00 -2952598.418775 -4810194.820870 3307890.717469 -1501.206092 -1193.097767 -2705.331644
322.00 -2954101.644773 -4811388.247198 3305177.717930 -1505.234448 -1193.692743 -2720.681790
323.00 -2955608.957263 -4812582.148868 3302449.330395 -1509.388078 -1194.091616 -2736.125729
324.00 -2957120.441117 -4813776.449586 3299705.405411 -1513.567124 -1194.495040 -2751.713128
325.00 -2958636.112137 -4814971.217028 3296945.908767 -1517.764125 -1195.073939 -2767.292089
326.00 -2960155.927314 -4816166.702578 3294170.811677 -1521.855670 -1195.919595 -2782.884657
327.00 -2961679.877960 -4817363.086826 3291380.166889 -1526.085822 -1196.825114 -2798.406646
328.00 -2963208.128993 -4818560.337997 3288573.984024 -1530.398595 -1197.617604 -2813.993636
329.00 -2964740.707895 -4819758.250420 3285752.083744 -1534.739155 -1198.178347 -2829.862353
330.00 -2966277.582038 -4820956.696573 3282914.184795 -1539.012773 -1198.726848 -2845.927968
331.00 -2967818.748073 -4822155.729355 3280060.226344 -1543.345370 -1199.367025 -2861.976600
332.00 -2969364.287535 -4823355.492007 3277190.221930 -1547.708776 -1200.219007 -2878.023000
333.00 -2970914.150270 -4824556.218481 3274304.171656 -1552.036627 -1201.190448 -2894.065990
334.00 -2972468.370075 -4825757.872697 3271402.064542 -1556.467782 -1202.100007 -2910.178967
335.00 -2974027.135337 -4826960.324749 3268483.785836 -1561.099882 -1202.759007 -2926.370581
336.00 -2975590.556134 -4828163.409664 3265549.214819 -1565.753529 -1203.382492 -2942.799168
337.00 -2977158.520754 -4829367.137118 3262598.159961 -1570.132842 -1204.162156 -2959.325162
338.00 -2978730.830152 -4830571.825384 3259630.553333 -1574.471931 -1205.237175 -2975.851603
339.00 -2980307.526631 -4831777.601452 3256646.472900 -1578.953572 -1206.283075 -2992.336284
340.00 -2981888.873224 -4832984.327615 3253645.911106 -1583.778320 -1207.145003 -3008.795073
341.00 -2983475.052961 -4834191.863863 3250628.828351 -1588.572586 -1207.913417 -3025.411244
342.00 -2985065.951518 -4835400.162451 3247595.071047 -1593.226674 -1208.688186 -3042.124342
343.00 -2986661.455892 -4836609.249681 3244544.498343 -1597.776025 -1209.446693 -3059.069390
344.00 -2988261.465135 -4837819.142642 3241476.923684 -1602.251054 -1210.335058 -3076.079555
345.00 -2989866.038044 -4839030.011136 3238392.407415 -1606.894813 -1211.406711 -3092.957034
346.00 -2991475.311609 -4840241.980456 3235290.986597 -1611.662956 -1212.555033 -3109.900847
347.00 -2993089.380347 -4841455.098174 3232172.587149 -1616.468782 -1213.641848 -3126.967323
348.00 -2994708.287256 -4842669.207408 3229037.056885 -1621.343248 -1214.533322 -3144.099686
349.00 -2996332.081340 -4843884.167341 3225884.284102 -1626.251843 -1215.355353 -3161.484328
350.00 -2997960.797605 -4845099.907935 3222714.024038 -1631.193845 -1216.180043 -3179.006367
351.00 -2999594.423097 -4846316.640453 3219526.251594 -1636.096637 -1217.290002 -3196.498945
352.00 -3001233.012385 -4847534.513698 3216321.025428 -1641.058682 -1218.506678 -3213.968046
353.00 -3002876.530952 -4848753.734342 3213098.269557 -1645.957386 -1219.914225 -3231.556884
354.00 -3004524.940393 -4849974.309327 3209857.832199 -1650.930116 -1221.164693 -3249.374385
355.00 -3006178.439226 -4851195.942183 3206599.492493 -1656.080806 -1222.111354 -3267.289609
356.00 -3007837.143869 -4852418.533072 3203323.203103 -1661.367528 -1223.073596 -3285.273062
357.00 -3009501.144446 -4853642.145374 3200028.920386 -1666.600859 -1224.172501 -3303.293251
358.00 -3011170.334710 -4854866.977081 3196716.625010 -1671.749638 -1225.495559 -3321.314283
359.00 -3012844.641281 -4856093.162813 3193386.276009 -1676.861692 -1226.879665 -3339.411337
360.00 -3014524.100957 -4857320.776238 3190037.761510 -1682.077709 -1228.350368 -3357.649472
361.00 -3016208.871527 -4858549.766138 3186670.957642 -1687.494242 -1229.579118 -3376.003185
362.00 -3017899.071276 -4859779.832000 3183285.638005 -1692.903052 -1230.546832 -3394.678741
363.00 -3019594.701218 -4861010.864763 3179881.641615 -1698.379433 -1231.533867 -3413.308932
364.00 -3021295.795491 -4862243.054663 3176459.016622 -1703.789304 -1232.918798 -3431.936109
365.00 -3023002.263123 -4863476.761293 3173017.703885 -1709.148895 -1234.524697 -3450.666497
366.00 -3024714.105832 -4864712.126842 3169557.626258 -1714.539457 -1236.188118 -3469.505833
367.00 -3026431.405781 -4865949.070276 3166078.609111 -1720.082277 -1237.639534 -3488.545150
368.00 -3028154.352999 -4867187.316127 3162580.458838 -1725.805761 -1238.830312 -3507.747621
369.00 -3029883.046806 -4868426.693110 3159063.048608 -1731.572557 -1239.977215 -3527.075126
370.00 -3031617.461252 -4869667.331613 3155526.286534 -1737.261040 -1241.353716 -3546.449239
371.00 -3033357.565008 -4870909.567721 3151970.209056 -1742.937095 -1243.122431 -3565.714962
372.00 -3035103.317021 -4872153.590128 3148394.820234 -1748.616174 -1244.880313 -3585.081443
373.00 -3036854.833092 -4873399.221956 3144799.974151 -1754.412590 -1246.333576 -3604.667783
374.00 -3038612.157328 -4874646.262053 3141185.423399 -1760.248245 -1247.750279 -3624.450710
375.00 -3040375.336391 -4875894.633245 3137551.000778 -1766.097161 -1249.005695 -3644.425335
376.00 -3042144.314627 -4877144.332095 3133896.543749 -1771.849449 -1250.474854 -3664.444634
377.00 -3043919.096674 -4878395.646492 3130222.102686 -1777.726779 -1252.217078 -3684.462816
378.00 -3045699.804380 -4879648.779544 3126527.657982 -1783.736178 -1254.052015 -3704.444621
379.00 -3047486.646448 -4880903.715483 3122813.151644 -1789.947144 -1255.766901 -3724.607291
380.00 -3049279.670080 -4882160.246343 3119078.386766 -1796.145141 -1257.288720 -3744.982003
381.00 -3051078.885827 -4883418.246524 3115323.112101 -1802.305837 -1258.734806 -3765.560447
382.00 -3052884.265687 -4884677.813707 3111547.186997 -1808.459764 -1260.471887 -3786.323828
383.00 -3054695.815789 -4885939.183476 3107750.394412 -1814.645206 -1262.296746 -3807.261624
384.00 -3056513.560355 -4887202.455539 3103932.605055 -1820.894808 -1264.291535 -3828.349507
385.00 -3058337.606476 -4888467.696573 3100093.727610 -1827.259371 -1266.197569 -3849.412201
386.00 -3060168.137372 -4889734.797507 3096233.785040 -1833.805368 -1268.003595 -3870.516078
387.00 -3062005.241155 -4891003.692925 3092352.655059 -1840.362907 -1269.791878 -3891.800288
388.00 -3063848.834273 -4892274.356890 3088450.100544 -1846.822097 -1271.563409 -3913.373182
389.00 -3065698.868399 -4893546.806046 3084525.904317 -1853.228150 -1273.315215 -3935.057929
390.00 -3067555.354689 -4894821.026883 3080579.947027 -1859.793961 -1275.164345 -3956.822864
391.00 -3069418.513869 -4896097.228699 3076612.243257 -1866.582509 -1277.273469 -3978.553644
392.00 -3071288.503687 -4897375.599317 3072622.801380 -1873.372429 -1279.479866 -4000.355860
393.00 -3073165.283157 -4898656.112166 3068611.429552 -1880.149218 -1281.528383 -4022.471978
394.00 -3075048.745234 -4899938.596054 3064577.802789 -1886.770546 -1283.429442 -4044.836747
395.00 -3076938.830621 -4901222.945554 3060521.711833 -1893.438179 -1285.297161 -4067.343778
396.00 -3078835.722982 -4902509.208283 3056443.107645 -1900.419666 -1287.272894 -4089.836503
397.00 -3080739.777530 -4903797.506757 3052342.051594 -1907.681424 -1289.363397 -4112.320167
398.00 -3082651.045343 -4905087.953608 3048218.405099 -1914.780942 -1291.578556 -4135.024763
399.00 -3084569.328477 -4906380.652208 3044071.935018 -1921.776274 -1293.867963 -4157.932166
400.00 -3086494.529107 -4907675.687830 3039902.453432 -1928.660285 -1296.199852 -4181.108137
401.00 -3088426.723886 -4908972.957956 3035709.677075 -1935.799351 -1298.263727 -4204.515785
402.00 -3090366.140899 -4910272.189198 3031493.401635 -1943.087957 -1300.229495 -4228.044982
403.00 -3092312.973950 -4911573.461964 3027253.641697 -1950.570011 -1302.397872 -4251.529815
404.00 -3094267.285778 -4912877.125930 3022990.370542 -1958.041665 -1304.989337 -4275.063136
405.00 -3096228.983178 -4914183.491124 3018703.404988 -1965.350637 -1307.714086 -4298.938427
406.00 -3098197.938435 -4915492.457130 3014392.448716 -1972.601886 -1310.217936 -4323.055248
407.00 -3100174.267361 -4916803.850148 3010057.224182 -1980.120590 -1312.548539 -4347.428679
408.00 -3102158.263781 -4918117.494287 3005697.579228 -1987.908969 -1314.787316 -4371.895928
409.00 -3104150.144183 -4919433.451083 3001313.469517 -1995.895355 -1317.170636 -4396.378150
410.00 -3106150.042158 -4920751.930391 2996904.745687 -2003.872476 -1319.810973 -4421.131828
411.00 -3108157.792932 -4922073.122348 2992471.159942 -2011.631451 -1322.600981 -4446.078591
412.00 -3110173.279809 -4923397.118670 2988012.491835 -2019.349626 -1325.361382 -4471.301781
413.00 -3112196.472847 -4924723.819818 2983528.501281 -2027.111356 -1328.006019 -4496.754618
414.00 -3114227.630306 -4926053.003478 2979018.993724 -2035.288666 -1330.375620 -4522.294560
415.00 -3116267.099026 -4927384.629882 2974483.887450 -2043.667439 -1332.942935 -4547.909012
416.00 -3118314.931787 -4928719.001260 2969923.148628 -2051.982407 -1335.819230 -4573.608947
417.00 -3120371.035114 -4930056.300588 2965336.601879 -2060.224436 -1338.777034 -4599.555296
418.00 -3122435.350504 -4931396.544430 2960723.895217 -2068.402238 -1341.712598 -4625.903370
419.00 -3124507.905527 -4932739.676252 2956084.700614 -2076.711123 -1344.528767 -4652.556898
420.00 -3126588.843971 -4934085.651277 2951418.729642 -2085.228660 -1347.441525 -4679.414676
421.00 -3128678.496887 -4935434.464652 2946725.905464 -2094.112201 -1350.194416 -4706.271601
422.00 -3130777.110994 -4936786.125572 2942006.140244 -2103.082432 -1353.165041 -4733.338560
423.00 -3132884.607239 -4938140.822891 2937259.250583 -2111.841939 -1356.293647 -4760.540006
424.00 -3135000.741924 -4939498.758025 2932484.919423 -2120.394075 -1359.593335 -4788.150711
425.00 -3137125.471558 -4940859.910764 2927682.834051 -2129.139106 -1362.739748 -4816.042917
426.00 -3139259.075872 -4942224.244522 2922852.890600 -2138.114255 -1365.974605 -4843.854207
427.00 -3141401.857510 -4943591.813039 2917995.029588 -2147.435867 -1369.125688 -4871.907838
428.00 -3143553.954143 -4944962.499886 2913108.967058 -2156.764152 -1372.313191 -4900.288101
429.00 -3145715.351414 -4946336.396994 2908194.308338 -2165.978343 -1375.496839 -4929.084487
430.00 -3147885.847719 -4947713.567486 2903250.751130 -2175.053554 -1378.826373 -4958.070504
431.00 -3150065.566022 -4949094.195424 2898278.149878 -2184.443653 -1382.476735 -4987.122061
432.00 -3152254.837127 -4950478.470804 2893276.508011 -2194.129644 -1386.025220 -5016.187429
433.00 -3154453.883331 -4951866.114425 2888245.672282 -2203.991356 -1389.293877 -5045.589789
434.00 -3156662.842506 -4953257.041826 2883185.271805 -2213.946862 -1392.594508 -5075.339622
435.00 -3158881.653212 -4954651.373517 2878094.979312 -2223.668275 -1396.122573 -5105.311444
436.00 -3161110.028645 -4956049.395313 2872974.466828 -2233.082607 -1399.896314 -5135.811197
437.00 -3163347.787766 -4957451.191715 2867823.334549 -2242.573835 -1403.676299 -5166.554792
438.00 -3165595.415203 -4958856.686983 2862641.427769 -2252.806710 -1407.325754 -5197.283362
439.00 -3167853.552379 -4960265.780733 2857428.775785 -2263.514914 -1410.872013 -5228.084136
440.00 -3170122.502911 -4961678.528794 2852185.198655 -2274.327530 -1414.680617 -5259.195579
441.00 -3172402.004624 -4963095.204460 2846910.209289 -2284.588913 -1418.730491 -5290.907786
442.00 -3174691.542086 -4964516.035098 2841603.359702 -2294.508572 -1422.912898 -5322.931370
443.00 -3176991.127742 -4965940.983889 2836264.251719 -2304.784556 -1426.944942 -5355.334901
444.00 -3179301.351791 -4967369.760951 2830892.636827 -2315.752816 -1430.607162 -5387.935715
445.00 -3181622.710343 -4968802.211256 2825488.482284 -2327.036361 -1434.365909 -5420.440595
446.00 -3183955.427980 -4970238.593403 2820051.678174 -2338.315603 -1438.460906 -5453.205218
447.00 -3186299.182122 -4971679.327264 2814581.824128 -2349.077715 -1443.045674 -5486.592369
448.00 -3188653.550854 -4973124.642889 2809078.388150 -2359.704121 -1447.601144 -5520.434373
449.00 -3191018.776995 -4974574.374815 2803540.904566 -2370.867040 -1451.808956 -5554.599201
450.00 -3193395.416805 -4976028.113008 2797969.155609 -2382.605710 -1455.687790 -5588.952072
451.00 -3195784.092621 -4977485.901320 2792363.046080 -2394.749165 -1460.007164 -5623.357697
452.00 -3198184.837816 -4978948.331230 2786722.421123 -2406.658660 -1465.002828 -5657.981629
453.00 -3200597.348568 -4980415.975324 2781046.945567 -2418.359557 -1470.306923 -5693.039159
454.00 -3203021.607854 -4981888.853838 2775336.198789 -2430.220564 -1475.307397 -5728.561961
455.00 -3205457.899475 -4983366.444834 2769589.639801 -2442.467423 -1479.876604 -5764.623126
456.00 -3207906.581287 -4984848.589994 2763807.058878 -2454.910687 -1484.511138 -5800.518095
457.00 -3210367.799740 -4986335.507848 2757988.740457 -2467.564117 -1489.468702 -5836.185428
458.00 -3212841.660024 -4987827.723981 2752134.610089 -2480.114452 -1495.032793 -5872.241948
459.00 -3215327.851298 -4989325.527990 2746244.166096 -2492.342115 -1500.576445 -5908.852119
460.00 -3217826.342886 -4990828.766465 2740316.795950 -2504.775345 -1505.962232 -5946.006254
461.00 -3220337.500227 -4992337.355468 2734352.164823 -2517.774772 -1511.248631 -5983.419251
462.00 -3222862.081450 -4993851.201524 2728350.028453 -2531.498135 -1516.468464 -6021.015743
463.00 -3225400.562830 -4995370.257239 2722310.067859 -2545.530942 -1521.631418 -6059.044243
464.00 -3227953.079613 -4996894.625551 2716231.954519 -2559.466013 -1527.174475 -6097.379963
465.00 -3230519.328147 -4998424.560548 2710115.099921 -2573.034335 -1532.753637 -6136.471659
466.00 -3233099.091785 -4999960.198194 2703959.000915 -2586.586260 -1538.509571 -6175.901699
467.00 -3235692.611721 -5001501.562125 2697763.248523 -2600.613670 -1544.250335 -6215.785155
468.00 -3238300.568782 -5003048.717077 2691527.410863 -2615.516119 -1550.094329 -6255.925395
469.00 -3240923.765273 -5004601.814599 2685251.383027 -2630.986184 -1556.085246 -6296.340720
470.00 -3243562.377419 -5006160.886031 2678934.594938 -2646.215219 -1562.182684 -6337.404562
471.00 -3246216.041131 -5007726.270933 2672576.527602 -2661.099402 -1568.682478 -6378.967734
472.00 -3248884.508036 -5009298.355760 2666176.492781 -2675.905271 -1575.546861 -6421.269578
473.00 -3251567.982103 -5010877.339763 2659733.777214 -2691.197680 -1582.450762 -6464.339222
474.00 -3254267.037378 -5012463.096947 2653247.928384 -2707.089666 -1589.079932 -6507.540656
475.00 -3256982.513561 -5014055.598023 2646718.585938 -2723.997848 -1595.984509 -6551.259154
476.00 -3259714.928067 -5015655.023734 2640145.395310 -2740.896281 -1603.000103 -6595.370719
477.00 -3262464.138037 -5017261.838205 2633527.572801 -2757.543114 -1610.713046 -6640.380221
478.00 -3265229.857063 -5018876.409310 2626864.518753 -2774.058040 -1618.548376 -6685.974007
479.00 -3268012.347191 -5020498.746033 2620155.541052 -2791.016998 -1626.116523 -6731.986663
480.00 -3270811.870173 -5022128.450250 2613400.826632 -2808.161327 -1633.332563 -6777.560109
481.00 -3273628.769744 -5023765.323911 2606600.476730 -2825.757051 -1640.378381 -6823.340395
482.00 -3276463.230335 -5025409.223307 2599754.110859 -2843.192842 -1647.570613 -6869.676714
483.00 -3279314.390560 -5027060.198845 2592862.291335 -2858.786820 -1654.157918 -6913.249823
484.00 -3282180.074769 -5028717.243255 2585928.789756 -2872.408190 -1659.865825 -6953.598399
485.00 -3285058.920119 -5030379.746695 2578955.270317 -2885.274553 -1665.141773 -6993.685869
486.00 -3287950.564099 -5032047.454861 2571941.481143 -2898.082832 -1670.305159 -7034.113467
487.00 -3290855.133427 -5033720.304460 2564887.167760 -2911.087166 -1675.299523 -7074.178142
488.00 -3293771.991285 -5035397.268371 2557795.588845 -2922.451347 -1678.449396 -7108.390784
489.00 -3296699.913886 -5037077.105260 2550670.661340 -2933.459568 -1681.283823 -7141.636068
490.00 -3299638.797515 -5038759.860163 2543512.175646 -2944.329368 -1684.226859 -7175.549034
491.00 -3302588.310711 -5040445.545517 2536319.439286 -2954.691435 -1687.191413 -7210.172831
492.00 -3305545.707479 -5042132.371745 2529098.467962 -2956.753255 -1684.105597 -7225.403066
493.00 -3308500.242978 -5043812.673276 2521871.122905 -2952.264189 -1676.439807 -7229.262969
494.00 -3311450.240909 -5045485.260359 2514639.991921 -2947.736258 -1668.769001 -7232.976900
495.00 -3314395.709009 -5047150.265995 2507405.187163 -2943.202385 -1661.223533 -7236.639018
496.00 -3317336.640719 -5048807.706690 2500166.725418 -2938.662031 -1653.646960 -7240.287670
497.00 -3320273.029232 -5050457.521840 2492924.618317 -2934.114392 -1645.966357 -7243.926812
498.00 -3323204.876908 -5052099.666458 2485678.886583 -2929.574698 -1638.309003 -7247.539739
499.00 -3326132.151531 -5053734.142007 2478429.534291 -2924.949931 -1630.660257 -7251.167063
500.00 -3329054.792073 -5055360.968865 2471176.559630 -2920.357215 -1623.017120 -7254.762761
501.00 -3331972.901660 -5056980.162070 2463920.024418 -2915.860490 -1615.377689 -7258.303092
502.00 -3334886.511734 -5058591.733037 2456659.957438 -2911.358254 -1607.763788 -7261.828146
503.00 -3337795.616027 -5060195.688709 2449396.372787 -2906.849424 -1600.147297 -7265.339427
504.00 -3340700.208910 -5061792.027020 2442129.282043 -2902.335321 -1592.529144 -7268.840332
505.00 -3343600.284999 -5063380.746390 2434858.695584 -2897.815951 -1584.909340 -7272.330855
506.00 -3346495.839145 -5064961.845099 2427584.623795 -2893.291322 -1577.287900 -7275.810990
507.00 -3349386.865976 -5066535.321591 2420307.077068 -2888.761439 -1569.664834 -7279.280732
508.00 -3352273.360247 -5068101.174600 2413026.065877 -2884.226154 -1562.040767 -7282.739981
509.00 -3355155.316659 -5069659.402357 2405741.600557 -2879.685768 -1554.414499 -7286.188926
510.00 -3358032.730125 -5071210.003012 2398453.691496 -2875.140150 -1546.786644 -7289.627461
511.00 -3360905.595302 -5072752.975063 2391162.349106 -2870.589306 -1539.157213 -7293.055581
512.00 -3363773.907082 -5074288.316861 2383867.583806 -2866.033242 -1531.526220 -7296.473281
513.00 -3366637.660134 -5075816.026930 2376569.406020 -2861.471967 -1523.893677 -7299.880554
514.00 -3369496.849366 -5077336.103646 2369267.826176 -2856.905486 -1516.259597 -7303.277395
515.00 -3372351.469459 -5078848.545558 2361962.854708 -2852.333806 -1508.623991 -7306.663800
516.00 -3375201.515334 -5080353.351067 2354654.502058 -2847.756935 -1500.986873 -7310.039761
517.00 -3378046.981686 -5081850.518747 2347342.778668 -2843.174879 -1493.348255 -7313.405275
518.00 -3380887.863452 -5083340.047025 2340027.694991 -2838.587646 -1485.708150 -7316.760336
519.00 -3383724.155398 -5084821.934460 2332709.261482 -2833.995241 -1478.066570 -7320.104939
520.00 -3386555.852297 -5086296.179620 2325387.488602 -2829.397672 -1470.423527 -7323.439077
521.00 -3389382.949107 -5087762.780974 2318062.386817 -2824.794945 -1462.779035 -7326.762746
522.00 -3392205.440557 -5089221.737154 2310733.966600 -2820.187069 -1455.133105 -7330.075941
523.00 -3395023.321615 -5090673.046653 2303402.238428 -2815.574049 -1447.485751 -7333.378657
524.00 -3397836.587027 -5092116.708128 2296067.212782 -2810.955892 -1439.836985 -7336.670887
525.00 -3400645.231776 -5093552.720098 2288728.900150 -2806.332606 -1432.186818 -7339.952627
526.00 -3403449.250618 -5094981.081246 2281387.311026 -2801.704198 -1424.535265 -7343.223872
527.00 -3406248.638553 -5096401.790113 2274042.455906 -2797.070674 -1416.882337 -7346.484617
528.00 -3409043.390349 -5097814.845410 2266694.345294 -2792.432042 -1409.228048 -7349.734856
529.00 -3411833.501021 -5099220.245701 2259342.989698 -2787.788308 -1401.572408 -7352.974584
530.00 -3414618.965353 -5100617.989723 2251988.399632 -2783.139479 -1393.915432 -7356.203796
531.00 -3417399.778369 -5102008.076067 2244630.585614 -2778.485563 -1386.257132 -7359.422487
532.00 -3420175.936093 -5103390.504177 2237269.554597 -2773.828622 -1378.598663 -7362.636641
533.00 -3422947.433175 -5104765.272444 2229905.318261 -2769.164552 -1370.937751 -7365.834275
534.00 -3425714.263595 -5106132.379193 2222537.889559 -2764.495416 -1363.275552 -7369.021372
535.00 -3428476.422407 -5107491.823066 2215167.279030 -2759.821221 -1355.612080 -7372.197929
536.00 -3431233.911807 -5108843.602866 2207793.499722 -2755.167845 -1347.947319 -7375.355189
537.00 -3433986.738009 -5110187.717253 2200416.565890 -2750.483575 -1340.281346 -7378.510716
538.00 -3436734.877363 -5111524.165089 2193036.481808 -2745.794267 -1332.614137 -7381.655688
539.00 -3439478.324951 -5112852.945062 2185653.258035 -2741.099927 -1324.945704 -7384.790098
540.00 -3442217.093371 -5114174.056171 2178266.911042 -2736.426480 -1317.276262 -7387.905362
541.00 -3444951.168166 -5115487.497069 2170877.448117 -2731.722129 -1309.605433 -7391.018726
542.00 -3447680.536045 -5116793.266583 2163484.877115 -2727.012767 -1301.933417 -7394.121514
543.00 -3450405.192119 -5118091.363454 2156089.208615 -2722.298402 -1294.260227 -7397.213723
544.00 -3453125.131269 -5119381.786592 2148690.453198 -2717.579041 -1286.585876 -7400.295345
545.00 -3455840.348622 -5120664.534764 2141288.621454 -2712.854690 -1278.910376 -7403.366378
546.00 -3458550.839075 -5121939.606907 2133883.723974 -2708.125358 -1271.233740 -7406.426815
547.00 -3461256.597767 -5123207.001811 2126475.771357 -2703.391051 -1263.555980 -7409.476653
548.00 -3463957.619609 -5124466.718438 2119064.774203 -2698.651777 -1255.877109 -7412.515886
549.00 -3466653.899755 -5125718.755605 2111650.743121 -2693.907543 -1248.197140 -7415.544510
550.00 -3469345.433130 -5126963.112299 2104233.688722 -2689.158356 -1240.516086 -7418.562519
551.00 -3472032.214904 -5128199.787360 2096813.621623 -2684.404223 -1232.833957 -7421.569910
552.00 -3474714.240016 -5129428.779802 2089390.552444 -2679.645152 -1225.150769 -7424.566677
553.00 -3477391.503650 -5130650.088490 2081964.491812 -2674.881149 -1217.466532 -7427.552815
554.00 -3480064.000759 -5131863.712462 2074535.450358 -2670.112222 -1209.781260 -7430.528321
555.00 -3482731.726542 -5133069.650610 2067103.438716 -2665.338379 -1202.094965 -7433.493190
556.00 -3485394.675968 -5134267.901997 2059668.467526 -2660.559626 -1194.407659 -7436.447416
557.00 -3488052.844247 -5135458.465538 2052230.547433 -2655.775972 -1186.719356 -7439.390995
558.00 -3490706.226424 -5136641.340283 2044789.689086 -2650.987422 -1179.030068 -7442.323923
559.00 -3493354.817549 -5137816.525292 2037345.903139 -2646.193985 -1171.339808 -7445.246195
560.00 -3495998.612854 -5138984.019520 2029899.200251 -2641.395668 -1163.648588 -7448.157806
561.00 -3498637.607346 -5140143.822093 2022449.591083 -2636.592478 -1155.956420 -7451.058752
562.00 -3501271.796274 -5141295.931989 2014997.086303 -2631.784422 -1148.263318 -7453.949029
563.00 -3503901.174658 -5142440.348362 2007541.696583 -2626.971508 -1140.569294 -7456.828631
564.00 -3506525.737760 -5143577.070214 2000083.432600 -2622.153744 -1132.874360 -7459.697555
565.00 -3509145.480617 -5144706.096724 1992622.305033 -2617.331136 -1125.178529 -7462.555796
566.00 -3511760.398507 -5145827.426919 1985158.324570 -2612.503693 -1117.481814 -7465.403350
567.00 -3514370.486480 -5146941.060003 1977691.501898 -2607.671420 -1109.784228 -7468.240211
568.00 -3516975.739832 -5148046.995003 1970221.847723 -2602.834503 -1102.085240 -7471.066385
569.00 -3519576.153822 -5149145.230595 1962749.372716 -2597.992632 -1094.385877 -7473.881845
570.00 -3522171.723579 -5150235.766419 1955274.087601 -2593.145936 -1086.685734 -7476.686600
571.00 -3524762.444182 -5151318.601729 1947796.003086 -2588.294442 -1078.984770 -7479.480645
572.00 -3527348.311766 -5152393.735925 1940315.126702 -2583.439482 -1071.283472 -7482.269139
573.00 -3529929.321125 -5153461.168168 1932831.470362 -2578.578412 -1063.580903 -7485.041753
574.00 -3532505.467085 -5154520.897410 1925345.046770 -2573.712566 -1055.877551 -7487.803644
575.00 -3535076.744754 -5155572.922954 1917855.866649 -2568.841951 -1048.173428 -7490.554809
576.00 -3537643.149486 -5156617.243954 1910363.940729 -2563.966574 -1040.468547 -7493.295243
577.00 -3540204.676405 -5157653.859741 1902869.279741 -2559.086443 -1032.762921 -7496.024942
578.00 -3542761.320878 -5158682.769493 1895371.894424 -2554.201566 -1025.056562 -7498.743902
579.00 -3545313.078044 -5159703.972565 1887871.795519 -2549.311950 -1017.349482 -7501.452118
580.00 -3547859.943288 -5160717.468162 1880368.993770 -2544.417602 -1009.641695 -7504.149587
581.00 -3550401.911761 -5161723.255664 1872863.499928 -2539.518531 -1001.933213 -7506.836305
582.00 -3552938.978864 -5162721.334301 1865355.324746 -2534.614743 -994.224049 -7509.512266
583.00 -3555471.139764 -5163711.703479 1857844.478982 -2529.706246 -986.514215 -7512.177468
584.00 -3557998.389875 -5164694.362452 1850330.973399 -2524.793048 -978.803723 -7514.831905
585.00 -3560520.724382 -5165669.310651 1842814.818761 -2519.875156 -971.092587 -7517.475575
586.00 -3563038.138712 -5166636.547356 1835296.025840 -2514.952578 -963.380819 -7520.108472
587.00 -3565550.628066 -5167596.072023 1827774.605409 -2510.025322 -955.668432 -7522.730593
588.00 -3568058.187886 -5168547.883958 1820250.568247 -2505.093395 -947.955438 -7525.341935
589.00 -3570560.813388 -5169491.982642 1812723.925135 -2500.156804 -940.241850 -7527.942492
590.00 -3573058.500030 -5170428.367405 1805194.686860 -2495.215558 -932.527681 -7530.532260
591.00 -3575551.243042 -5171357.037754 1797662.864211 -2490.269664 -924.812943 -7533.111237
592.00 -3578039.037899 -5172277.993045 1790128.467984 -2485.319130 -917.097649 -7535.679418
593.00 -3580521.879845 -5173191.232810 1782591.508975 -2480.363963 -909.381811 -7538.236799
594.00 -3582999.764370 -5174096.756430 1775051.997987 -2475.404171 -901.665442 -7540.783376
595.00 -3585472.686735 -5174994.563461 1767509.945825 -2470.439762 -893.948555 -7543.319146
596.00 -3587940.642444 -5175884.653310 1759965.363298 -2465.470743 -886.231162 -7545.844104
597.00 -3590403.626773 -5176767.025560 1752418.261221 -2460.497122 -878.513276 -7548.358247
598.00 -3592861.635243 -5177641.679641 1744868.650410 -2455.518907 -870.794909 -7550.861571
599.00 -3595314.663204 -5178508.615121 1737316.541687 -2450.536105 -863.076075 -7553.354072
600.00 -3597762.706014 -5179367.831579 1729761.945876 -2445.548725 -855.356786 -7555.835746