#Unix T+0 Time (s)
1768137540.00

# Delta T+ Time (s), ECEF Target Position (m), ECEF Target Velocity (m/s)
0.00 -2675270.326176 -4521717.376969 3604438.552400 -0.000000 0.000000 0.000000
1.00 -2675270.907419 -4521718.362106 3604439.340889 -1.207230 -2.045499 1.638594
2.00 -2675272.812794 -4521721.584775 3604441.928828 -2.633203 -4.447082 3.578621
3.00 -2675276.249681 -4521727.378530 3604446.601749 -4.255714 -7.164050 5.788070
4.00 -2675281.347164 -4521735.949914 3604453.536719 -5.950433 -9.997810 8.097787
5.00 -2675288.176042 -4521747.417372 3604462.832545 -7.721065 -12.960302 10.512811
6.00 -2675296.815621 -4521761.913974 3604474.597656 -9.567605 -16.048482 13.029941
7.00 -2675307.329080 -4521779.540369 3604488.914353 -11.467745 -19.215697 15.613468
8.00 -2675319.769741 -4521800.370595 3604505.847074 -13.420985 -22.455805 18.261652
9.00 -2675334.183482 -4521824.471892 3604525.454053 -15.411344 -25.755738 20.958912
10.00 -2675350.606234 -4521851.907025 3604547.784084 -17.439260 -29.124152 23.708364
11.00 -2675369.071448 -4521882.736099 3604572.883304 -19.498130 -32.545110 26.499882
12.00 -2675389.612013 -4521917.009805 3604600.801984 -21.588900 -36.011269 29.347321
13.00 -2675412.260683 -4521954.781113 3604631.585240 -23.714772 -39.547538 32.215629
14.00 -2675437.056757 -4521996.145352 3604665.217133 -25.887100 -43.205889 35.039950
15.00 -2675464.050907 -4522041.234557 3604701.645076 -28.109468 -46.993689 37.807705
16.00 -2675493.292458 -4522090.174368 3604740.818324 -30.382439 -50.908079 40.532989
17.00 -2675524.831138 -4522143.090796 3604782.695881 -32.703193 -54.946098 43.215156
18.00 -2675558.715607 -4522200.109311 3604827.233627 -35.074501 -59.113033 45.852943
19.00 -2675594.994856 -4522261.355483 3604874.383520 -37.492642 -63.400899 48.439505
20.00 -2675633.716767 -4522326.952558 3604924.096758 -39.959288 -67.814824 50.979731
21.00 -2675674.929335 -4522397.028518 3604976.329115 -42.473836 -72.359114 53.478433
22.00 -2675718.675510 -4522471.706761 3605031.034279 -45.026417 -77.019396 55.925036
23.00 -2675764.997348 -4522551.110768 3605088.163922 -47.623505 -81.808175 58.325020
24.00 -2675813.939627 -4522635.369943 3605147.671936 -50.269265 -86.733331 60.685062
25.00 -2675865.549613 -4522724.619818 3605209.521022 -52.956947 -91.786356 63.006167
26.00 -2675919.869863 -4522818.988765 3605273.674127 -55.690580 -96.972117 65.292990
27.00 -2675976.948553 -4522918.609765 3605340.094283 -58.474497 -102.289425 67.538306
28.00 -2676036.839213 -4523023.612522 3605408.735478 -61.317349 -107.737352 69.735807
29.00 -2676099.605059 -4523134.125321 3605479.548874 -64.227190 -113.310318 71.883260
30.00 -2676165.319568 -4523250.274229 3605552.484504 -67.215248 -119.008109 73.978560
31.00 -2676234.065140 -4523372.184017 3605627.486507 -70.292085 -124.833488 76.015240
32.00 -2676305.937316 -4523499.983565 3605704.493015 -73.470189 -130.787973 77.987387
33.00 -2676381.041812 -4523633.803073 3605783.440022 -76.755354 -136.869622 79.894325
34.00 -2676459.483866 -4523773.763044 3605864.258405 -80.147350 -143.071573 81.731261
35.00 -2676541.374568 -4523919.987794 3605946.878901 -83.654162 -149.398268 83.497081
36.00 -2676626.834613 -4524072.600596 3606031.226403 -87.288695 -155.850085 85.185756
37.00 -2676715.994051 -4524231.726974 3606117.222251 -91.051434 -162.422220 86.791640
38.00 -2676808.981566 -4524397.486000 3606204.781504 -94.946111 -169.117702 88.312752
39.00 -2676905.927755 -4524569.998051 3606293.815117 -98.969572 -175.927285 89.739817
40.00 -2677006.966592 -4524749.378820 3606384.229973 -103.132899 -182.856488 91.075600
41.00 -2677112.240592 -4524935.747605 3606475.933198 -107.440171 -189.899828 92.313768
42.00 -2677221.898734 -4525129.217150 3606568.823797 -111.901960 -197.058766 93.450502
43.00 -2677336.095488 -4525329.901232 3606662.799501 -116.515802 -204.325262 94.482266
44.00 -2677454.982827 -4525537.904973 3606757.754388 -121.284545 -211.699960 95.410155
45.00 -2677578.717100 -4525753.336627 3606853.585091 -126.209339 -219.179016 96.231935
46.00 -2677707.451819 -4525976.293580 3606950.179686 -131.286671 -226.753768 96.939736
47.00 -2677841.256061 -4526206.744946 3607047.368560 -136.060813 -233.717377 97.223935
48.00 -2677978.953616 -4526442.716335 3607144.160670 -139.180758 -237.966564 96.250339
49.00 -2678119.522703 -4526682.492714 3607239.801022 -141.964421 -241.579473 95.025329
50.00 -2678262.900242 -4526925.872967 3607334.182114 -144.801377 -245.186392 93.716107
51.00 -2678409.142866 -4527172.876498 3607427.191902 -147.691367 -248.827574 92.286559
52.00 -2678558.301348 -4527423.545763 3607518.728105 -150.637265 -252.522485 90.775199
53.00 -2678710.438088 -4527677.934400 3607608.714385 -153.648051 -256.261515 89.179587
54.00 -2678865.626416 -4527936.089984 3607697.046144 -156.743064 -260.061022 87.462605
55.00 -2679023.946327 -4528198.070085 3607783.598075 -159.921332 -263.925630 85.630192
56.00 -2679186.011313 -4528464.727394 3607868.530296 -164.559348 -269.899037 84.378442
57.00 -2679353.432744 -4528738.388723 3607952.447038 -170.315158 -277.457872 83.417747
58.00 -2679526.693330 -4529019.693200 3608035.291946 -176.235178 -285.180012 82.244746
59.00 -2679705.957712 -4529308.798949 3608116.891889 -182.318213 -293.050813 80.933686
60.00 -2679891.377730 -4529605.831475 3608197.107817 -188.542002 -301.027100 79.465262
61.00 -2680083.092323 -4529910.894037 3608275.758460 -194.923256 -309.134517 77.810679
62.00 -2680281.282576 -4530224.150281 3608352.681252 -201.486749 -317.401818 76.012234
63.00 -2680486.117322 -4530545.734332 3608427.729248 -208.200437 -325.774252 74.049861
64.00 -2680697.712179 -4530875.708611 3608500.709627 -214.997851 -334.171747 71.875179
65.00 -2680916.159027 -4531214.109422 3608571.421749 -221.933064 -342.662474 69.525569
66.00 -2681141.637475 -4531561.077367 3608639.707880 -229.044327 -351.287521 67.017188
67.00 -2681374.289322 -4531916.721396 3608705.393216 -236.283118 -360.025600 64.322398
68.00 -2681614.267191 -4532281.198223 3608768.294501 -243.706876 -368.964856 61.452239
69.00 -2681861.747386 -4532654.689786 3608828.236946 -251.264834 -378.024589 58.399026
70.00 -2682116.819163 -4533037.265373 3608885.025372 -258.898573 -387.150270 55.145337
71.00 -2682379.588289 -4533429.045196 3608938.466300 -266.667927 -396.445358 51.709468
72.00 -2682650.218462 -4533830.241372 3608988.390886 -274.610736 -405.972781 48.107568
73.00 -2682928.820649 -4534241.009527 3609034.607935 -282.600541 -415.575940 44.289499
74.00 -2683215.445228 -4534661.431426 3609076.898386 -290.682442 -425.314964 40.259818
75.00 -2683510.261352 -4535091.739513 3609115.064730 -298.981981 -435.341527 36.038895
76.00 -2683813.463880 -4535532.182008 3609148.904837 -307.444497 -445.572132 31.604386
77.00 -2684125.192010 -4535982.943599 3609178.201653 -316.024866 -455.970358 26.954506
78.00 -2684445.523720 -4536444.139015 3609202.742537 -324.653526 -466.443069 22.091178
79.00 -2684774.524853 -4536915.867600 3609222.310374 -333.365057 -477.037036 17.008672
80.00 -2685112.287169 -4537398.276609 3609236.689300 -342.168675 -487.812053 11.711991
81.00 -2685458.959253 -4537891.580390 3609245.661185 -351.242189 -498.834261 6.202791
82.00 -2685814.877042 -4538396.001850 3609249.060510 -360.631078 -510.043948 0.585867
83.00 -2686180.250478 -4538911.691459 3609246.804717 -370.120338 -521.335910 -5.115060
84.00 -2686555.152409 -4539438.701053 3609238.790446 -379.718405 -532.715201 -10.933302
85.00 -2686939.747654 -4539977.172038 3609224.900273 -389.490977 -544.241317 -16.866148
86.00 -2687334.176178 -4540527.229242 3609205.017006 -399.396288 -555.908129 -22.924501
87.00 -2687738.603084 -4541089.051968 3609178.999420 -409.481686 -567.754596 -29.136784
88.00 -2688153.208256 -4541662.799773 3609146.692729 -419.780730 -579.799777 -35.501391
89.00 -2688578.258797 -4542248.764177 3609107.945041 -430.359610 -592.177078 -42.022241
90.00 -2689013.988008 -4542847.225670 3609062.588536 -441.122813 -604.771368 -48.720991
91.00 -2689460.536379 -4543458.332003 3609010.444750 -451.981742 -617.444367 -55.594685
92.00 -2689917.998866 -4544082.165385 3608951.339503 -462.987925 -630.276753 -62.647768
93.00 -2690386.593539 -4544718.982273 3608885.085330 -474.232590 -643.391512 -69.892461
94.00 -2690866.506528 -4545368.989691 3608811.490910 -485.613033 -656.641408 -77.328755
95.00 -2691357.888867 -4546032.340429 3608730.358885 -497.184993 -670.097531 -84.968735
96.00 -2691860.936408 -4546709.253916 3608641.487481 -508.926724 -683.745753 -92.807191
97.00 -2692375.768719 -4547399.851606 3608544.673332 -520.751648 -697.458234 -100.860229
98.00 -2692902.502413 -4548104.230417 3608439.679237 -532.762177 -711.347987 -109.175036
99.00 -2693441.362707 -4548822.612669 3608326.233221 -544.999354 -725.458229 -117.763534
100.00 -2693992.572130 -4549555.215735 3608204.058944 -557.441171 -739.762823 -126.630104
101.00 -2694556.278202 -4550302.152052 3608072.883110 -569.983147 -754.111505 -135.766299
102.00 -2695132.598313 -4551063.486650 3607932.428128 -582.695107 -768.590807 -145.194053
103.00 -2695721.738181 -4551839.390721 3607782.395969 -595.608059 -783.231507 -154.917119
104.00 -2696323.885213 -4552630.008086 3607622.493733 -608.734600 -798.049066 -164.940952
105.00 -2696939.279714 -4553435.547891 3607452.413446 -622.092436 -813.063399 -175.270574
106.00 -2697568.133765 -4554256.182696 3607271.854394 -635.653548 -828.235808 -185.898250
107.00 -2698210.654119 -4555092.066706 3607080.517599 -649.415422 -843.550921 -196.824334
108.00 -2698867.056390 -4555943.365887 3606878.098078 -663.439298 -859.092936 -208.067900
109.00 -2699537.604982 -4556810.309268 3606664.287411 -677.692616 -874.821976 -219.598221
110.00 -2700222.511499 -4557693.064772 3606438.804693 -692.135618 -890.688570 -231.417028
111.00 -2700921.907388 -4558591.683616 3606201.340380 -706.681632 -906.559709 -243.575146
112.00 -2701635.930006 -4559506.209497 3605951.523260 -721.403106 -922.518773 -256.128578
113.00 -2702364.832353 -4560436.825150 3605688.930527 -736.455263 -938.759991 -269.129521
114.00 -2703108.932322 -4561383.807363 3605413.126111 -751.775912 -955.225634 -282.541618
115.00 -2703868.423188 -4562347.293320 3605123.732720 -767.248861 -971.785580 -296.312089
116.00 -2704643.517192 -4563327.458113 3604820.368487 -782.978008 -988.576993 -310.480015
117.00 -2705434.427011 -4564324.479494 3604502.658023 -798.852373 -1005.466451 -324.993358
118.00 -2706241.253384 -4565338.404089 3604170.275621 -814.824259 -1022.400448 -339.825572
119.00 -2707064.172041 -4566369.378499 3603822.878857 -831.070627 -1039.611321 -355.034868
120.00 -2707903.452265 -4567417.687469 3603460.102693 -847.509933 -1057.028378 -370.564310
121.00 -2708759.264098 -4568483.516907 3603081.640518 -864.169088 -1074.694106 -386.425370
122.00 -2709631.849619 -4569567.135972 3602687.144442 -881.014848 -1092.552655 -402.613509
123.00 -2710521.338266 -4570668.659126 3602276.305535 -897.991295 -1110.519212 -419.124596
124.00 -2711427.890665 -4571788.220481 3601848.772869 -915.141524 -1128.622748 -436.001895
125.00 -2712351.693098 -4572925.962187 3601404.166482 -932.499872 -1146.890173 -453.280675
126.00 -2713292.976237 -4574082.073069 3600942.062447 -950.092975 -1165.348485 -470.994089
127.00 -2714251.948755 -4575256.710954 3600462.032834 -967.879489 -1183.943758 -489.135071
128.00 -2715228.799154 -4576449.999028 3599963.646284 -985.860600 -1202.657670 -507.714603
129.00 -2716223.749580 -4577662.083405 3599446.456392 -1004.095498 -1221.561828 -526.743103
130.00 -2717237.145068 -4578893.279681 3598909.997572 -1022.766796 -1240.904903 -546.241185
131.00 -2718269.386883 -4580144.004480 3598353.884709 -1041.625088 -1260.437674 -565.930132
132.00 -2719320.028923 -4581413.734473 3597778.376971 -1059.603334 -1278.965033 -585.036507
133.00 -2720388.649456 -4582702.020918 3597183.822116 -1077.686622 -1297.676632 -604.076365
134.00 -2721475.484151 -4584009.200359 3596570.229043 -1095.818629 -1316.496773 -622.983821
135.00 -2722579.209652 -4585333.764489 3595938.555457 -1110.598641 -1331.419598 -639.699429
136.00 -2723691.729797 -4586666.217981 3595293.858571 -1112.056393 -1330.679348 -648.272421
137.00 -2724801.859861 -4587993.405792 3594642.883977 -1108.192001 -1323.683332 -653.669022
138.00 -2725908.214027 -4589313.702952 3593986.461630 -1104.315906 -1316.676449 -659.054694
139.00 -2726995.723114 -4590609.460470 3593333.649353 -1099.193964 -1308.226378 -663.685639
140.00 -2728092.893162 -4591914.084453 3592667.326017 -1095.190913 -1301.074419 -668.987300
141.00 -2729186.167172 -4593211.683071 3591995.638610 -1091.357195 -1294.123657 -674.387038
142.00 -2730275.603038 -4594502.327302 3591318.555908 -1087.514075 -1287.164749 -679.777498
143.00 -2731361.205629 -4595786.041257 3590636.140935 -1083.694244 -1280.271349 -685.037895
144.00 -2732442.987315 -4597062.864997 3589948.483010 -1079.867876 -1273.374634 -690.277105
145.00 -2733520.936153 -4598332.784300 3589255.591637 -1076.027987 -1266.462226 -695.503250
146.00 -2734595.035584 -4599595.780811 3588557.484257 -1072.163778 -1259.524977 -700.695792
147.00 -2735665.249905 -4600851.829292 3587854.267971 -1068.260676 -1252.567337 -705.734251
148.00 -2736731.546953 -4602100.899355 3587146.000739 -1064.330079 -1245.566238 -710.810880
149.00 -2737793.917208 -4603342.959536 3586432.572074 -1060.411320 -1238.553941 -716.057156
150.00 -2738852.371157 -4604578.007368 3585713.873337 -1056.497822 -1231.542701 -721.345865
151.00 -2739906.916406 -4605806.048545 3584989.872027 -1052.593848 -1224.540958 -726.661085
152.00 -2740957.555790 -4607027.109477 3584260.680508 -1048.703330 -1217.729685 -731.038184
153.00 -2742004.086954 -4608241.657742 3583530.311655 -1044.141768 -1211.142760 -729.448536
154.00 -2743045.473124 -4609448.962322 3582801.778997 -1038.475533 -1203.275706 -727.671442
155.00 -2744080.797525 -4610647.881821 3582074.837322 -1032.083169 -1194.430512 -726.273526
156.00 -2745109.342726 -4611837.510430 3581349.423163 -1024.367105 -1184.281332 -723.415950
157.00 -2746127.298971 -4613014.551067 3580632.490233 -1011.110165 -1169.395310 -709.740662
158.00 -2747131.098473 -4614175.884943 3579930.488068 -996.341903 -1153.146572 -694.127456
159.00 -2748119.794414 -4615320.730258 3579244.394428 -980.993187 -1136.529882 -678.003165
160.00 -2749093.022674 -4616448.976134 3578574.558382 -965.446829 -1120.001096 -661.634295
161.00 -2750050.644728 -4617560.787964 3577921.247873 -949.772464 -1103.666456 -644.910647
162.00 -2750992.540383 -4618656.380045 3577284.879487 -934.002140 -1087.557266 -627.764390
163.00 -2751918.627272 -4619735.879094 3576665.792347 -918.147403 -1071.378137 -610.370893
164.00 -2752828.636643 -4620798.811942 3576064.482637 -901.793821 -1054.283089 -592.092191
165.00 -2753722.104173 -4621844.115666 3575481.848802 -885.118519 -1036.188811 -573.076533
166.00 -2754598.816906 -4622871.065021 3574918.522794 -868.292943 -1017.672310 -553.502833
167.00 -2755458.633997 -4623879.431824 3574374.979374 -851.293293 -999.015036 -533.489468
168.00 -2756300.901210 -4624868.656953 3573852.480824 -832.961078 -979.190581 -510.995991
169.00 -2757124.234011 -4625837.535586 3573353.557756 -813.626583 -958.510348 -486.717096
170.00 -2757928.029204 -4626785.598676 3572879.270344 -793.911799 -937.595487 -461.763350
171.00 -2758711.989686 -4627712.686022 3572430.156298 -773.993890 -916.579953 -436.459062
172.00 -2759475.946138 -4628618.710425 3572006.424447 -753.876799 -895.437956 -410.949853
173.00 -2760219.615996 -4629503.463220 3571608.489276 -733.385526 -874.024953 -384.780558
174.00 -2760942.613313 -4630366.693812 3571237.059725 -712.580108 -852.412132 -358.015654
175.00 -2761644.746528 -4631208.247302 3570892.522310 -691.623061 -830.643785 -330.951689
176.00 -2762325.809179 -4632027.941743 3570575.233822 -670.442998 -808.697126 -303.522122
177.00 -2762985.576524 -4632825.593953 3570285.586900 -649.075775 -786.594536 -275.736139
178.00 -2763623.923088 -4633601.079680 3570023.856795 -627.551218 -764.313412 -247.596181
179.00 -2764240.532455 -4634354.100314 3569790.657026 -605.595966 -741.687057 -218.685547
180.00 -2764835.028605 -4635084.402524 3569586.629020 -583.373989 -718.904924 -189.334257
181.00 -2765407.246898 -4635791.876213 3569412.050339 -561.053287 -696.023275 -159.795934
182.00 -2765957.081755 -4636476.376428 3569267.165060 -538.553638 -672.916409 -129.841928
183.00 -2766484.222479 -4637137.621330 3569152.620437 -515.642922 -649.531292 -99.113930
184.00 -2766988.251776 -4637775.368398 3569069.118553 -492.362572 -625.916678 -67.795658
185.00 -2767468.876149 -4638389.378588 3569017.185123 -468.836992 -602.054954 -35.973851
186.00 -2767925.806398 -4638979.374233 3568997.379612 -444.963862 -577.892921 -3.539021
187.00 -2768358.704624 -4639545.088268 3569010.298289 -420.784512 -553.489727 29.481534
188.00 -2768767.289678 -4640086.264314 3569056.531548 -396.322328 -528.802705 63.111330
189.00 -2769151.267715 -4640602.623436 3569136.689518 -371.593196 -503.898817 97.261119
190.00 -2769510.326747 -4641093.958709 3569251.278456 -346.433050 -478.700939 132.076962
191.00 -2769844.007172 -4641559.917152 3569401.107509 -320.876582 -453.170309 167.687817
192.00 -2770151.981047 -4642000.209281 3569586.831685 -295.024123 -427.369983 203.849327
193.00 -2770433.947088 -4642414.554010 3569809.030099 -268.838523 -401.260809 240.686380
194.00 -2770689.533904 -4642802.607359 3570068.448409 -242.272429 -374.788226 278.272474
195.00 -2770918.337737 -4643164.012794 3570365.860874 -215.243687 -347.974339 316.710616
196.00 -2771119.851602 -4643498.454548 3570702.167764 -187.713144 -320.858625 356.028119
197.00 -2771293.651045 -4643805.607370 3571078.124113 -159.832255 -293.376095 395.989223
198.00 -2771439.364271 -4644085.044362 3571494.448201 -131.520178 -265.437046 436.817658
199.00 -2771556.521441 -4644336.362283 3571952.107016 -102.723183 -237.144568 478.643070
200.00 -2771644.665718 -4644559.210008 3572451.996860 -73.479613 -208.476487 521.278219
201.00 -2771703.315359 -4644753.180555 3572994.932157 -43.765602 -179.419784 564.696035
202.00 -2771733.317495 -4644919.032267 3573579.297736 -16.864863 -152.812551 602.858730
203.00 -2771737.713982 -4645059.345762 3574199.328234 7.608828 -128.194351 636.305137
204.00 -2771723.706989 -4645180.285618 3574841.310944 19.619084 -114.374834 646.168099
205.00 -2771698.523949 -4645288.195741 3575491.573028 30.782020 -101.440854 654.422853
206.00 -2771662.108661 -4645383.148644 3576150.219237 42.062945 -88.449774 662.894028
207.00 -2771615.949546 -4645466.407641 3576814.412885 48.716496 -79.404891 662.597767
208.00 -2771565.222511 -4645542.436848 3577474.390820 52.737625 -72.653818 657.358109
209.00 -2771510.472626 -4645611.714350 3578129.132292 56.765255 -65.898996 652.130419
210.00 -2771451.696606 -4645674.239321 3578778.642965 60.786876 -59.151214 646.890985
211.00 -2771388.899057 -4645730.017445 3579422.913950 64.808322 -52.405444 641.650851
212.00 -2771322.065691 -4645779.038399 3580061.971789 68.863478 -45.632461 636.474402
213.00 -2771251.177246 -4645821.290849 3580695.860445 72.903154 -38.883652 631.286967
214.00 -2771176.261431 -4645856.802954 3581324.531386 76.926530 -32.150844 626.071708
215.00 -2771097.326724 -4645885.592680 3581947.991160 80.946015 -25.420536 620.840301
216.00 -2771014.369417 -4645907.644253 3582566.211345 84.968630 -18.682848 615.599817
217.00 -2770927.376113 -4645922.947809 3583179.217288 89.022819 -11.920806 610.421483
218.00 -2770836.325811 -4645931.488068 3583787.050335 93.068032 -5.168017 605.224828
219.00 -2770741.245338 -4645933.292501 3584389.661610 97.094797 1.556941 600.005709
220.00 -2770642.138592 -4645928.369568 3584987.047018 101.118823 8.288679 594.765224
221.00 -2770539.007798 -4645916.715607 3585579.191669 105.142894 15.018876 589.523898
222.00 -2770431.840409 -4645898.322858 3586166.120962 109.196233 21.769604 584.343958
223.00 -2770320.625618 -4645873.177625 3586747.875795 113.228941 28.513465 579.146547
224.00 -2770205.382658 -4645841.299937 3587324.404876 117.259389 35.243346 573.916671
225.00 -2770086.110519 -4645802.694139 3587895.700681 121.285127 41.967981 568.675018
226.00 -2769962.812490 -4645757.364470 3588461.754552 125.310960 48.691072 563.432541
227.00 -2769835.477361 -4645705.304525 3589022.591897 129.363383 55.431207 558.251396
228.00 -2769704.088529 -4645646.504554 3589578.250808 133.406908 62.163315 553.048631
229.00 -2769568.666821 -4645580.980601 3590128.681287 137.438817 68.885700 547.817390
230.00 -2769429.214118 -4645508.735817 3590673.877012 141.466617 75.603639 542.574125
231.00 -2769285.749979 -4645429.777146 3591213.836637 145.474405 82.316019 537.339471
232.00 -2769138.258112 -4645344.101184 3591748.563130 149.507148 89.034175 532.107183
233.00 -2768986.736549 -4645251.709793 3592278.048216 153.536122 95.748294 526.862841
234.00 -2768831.184687 -4645152.604275 3592802.291875 157.569621 102.463694 521.629816
235.00 -2768671.600221 -4645046.784591 3593321.299222 161.599523 109.175398 516.384817
236.00 -2768507.985568 -4644934.253833 3593835.061351 165.630731 115.886396 511.141936
237.00 -2768340.336285 -4644815.010770 3594343.590316 169.665708 122.598110 505.908716
238.00 -2768168.654940 -4644689.058452 3594846.875931 173.697057 129.306302 500.662328
239.00 -2767992.941115 -4644556.397982 3595344.918047 177.732439 136.015243 495.427304
240.00 -2767813.192521 -4644417.029654 3595837.721780 181.764872 142.721221 490.180109
241.00 -2767629.411314 -4644270.955880 3596325.277941 185.797773 149.426076 484.932166
242.00 -2767441.594417 -4644118.176564 3596807.595203 189.834503 156.131454 479.695833
243.00 -2767249.742933 -4643958.693630 3597284.666711 193.868559 162.834215 474.446997
244.00 -2767053.856386 -4643792.508089 3597756.492291 197.906117 169.537197 469.209623
245.00 -2766853.932711 -4643619.620434 3598223.077051 201.941365 176.237933 463.959834
246.00 -2766649.973574 -4643440.032520 3598684.411606 205.977149 182.937657 458.709217
247.00 -2766441.976240 -4643253.744670 3599140.504659 210.016221 189.637363 453.470277
248.00 -2766229.941604 -4643060.758278 3599591.349207 214.053268 196.335180 448.218619
249.00 -2766013.868935 -4642861.074404 3600036.944995 218.093281 203.032687 442.978455
250.00 -2765793.756604 -4642654.693613 3600477.297107 222.131628 209.728667 437.725693
251.00 -2765569.605569 -4642441.617326 3600912.396002 226.170582 216.423745 432.472027
252.00 -2765341.413713 -4642221.846126 3601342.250369 230.212273 223.118266 427.230040
253.00 -2765109.181339 -4641995.381102 3601766.853086 234.252598 229.811626 421.975182
254.00 -2764872.907892 -4641762.223108 3602186.203818 238.295347 236.504146 416.731788
255.00 -2764632.591753 -4641522.373032 3602600.307594 242.337078 243.195856 411.475676
256.00 -2764388.233597 -4641275.831613 3603009.154764 246.379488 249.886774 406.218581
257.00 -2764139.831497 -4641022.599939 3603412.753953 250.424082 256.576599 400.973107
258.00 -2763887.385593 -4640762.678547 3603811.097955 254.467969 263.265986 395.714671
259.00 -2763630.895078 -4640496.068337 3604204.186350 258.513738 269.954011 390.467608
260.00 -2763370.358769 -4640222.770264 3604592.024087 262.559140 276.641936 385.207764
261.00 -2763105.776633 -4639942.784641 3604974.601449 266.605289 283.329180 379.946863
262.00 -2762837.147357 -4639656.112806 3605351.926951 270.653072 290.014801 374.697462
263.00 -2762564.470493 -4639362.754999 3605723.993333 274.700807 296.700700 369.435066
264.00 -2762287.745406 -4639062.711909 3606090.800093 278.749883 303.384724 364.183895
265.00 -2762006.970926 -4638755.984813 3606452.352067 282.799240 310.069349 358.919937
266.00 -2761722.146735 -4638442.573347 3606808.639516 286.849414 316.753402 353.654855
267.00 -2761433.271707 -4638122.479347 3607159.670798 290.900674 323.435318 348.401061
268.00 -2761140.345235 -4637795.702506 3607505.438641 294.952541 330.118201 343.134419
269.00 -2760843.366417 -4637462.243074 3607845.939285 299.005265 336.800558 337.866733
270.00 -2760542.334493 -4637122.101524 3608181.171829 303.058862 343.482382 332.598182
271.00 -2760237.248475 -4636775.278417 3608511.135252 307.113345 350.163725 327.328558
272.00 -2759928.107849 -4636421.775839 3608835.837819 311.168375 356.842427 322.069981
273.00 -2759614.911424 -4636061.593192 3609155.272227 315.224653 363.522787 316.798617
274.00 -2759297.658312 -4635694.730359 3609469.434675 319.281854 370.202724 311.526130
275.00 -2758976.347487 -4635321.187845 3609778.324184 323.339980 376.882223 306.252702
276.00 -2758650.978111 -4634940.965986 3610081.939657 327.399056 383.561342 300.978125
277.00 -2758321.549854 -4634554.067344 3610380.289139 331.458144 390.237333 295.714332
278.00 -2757988.061364 -4634160.490806 3610673.365345 335.519129 396.915628 290.437853
279.00 -2757650.511374 -4633760.236072 3610961.164458 339.581053 403.593726 285.160203
280.00 -2757308.895745 -4633353.311943 3611243.683518 343.648643 410.259257 279.878802
281.00 -2756963.215246 -4632939.713994 3611520.922415 347.712632 416.936539 274.598867
282.00 -2756613.471387 -4632519.441434 3611792.889714 351.776085 423.610305 269.329368
283.00 -2756259.662477 -4632092.492698 3612059.578215 355.842043 430.287063 264.047395
284.00 -2755901.787029 -4631658.867328 3612320.984077 359.909047 436.963616 258.764153
285.00 -2755539.844118 -4631218.565507 3612577.106164 363.977084 443.639915 253.479810
286.00 -2755173.832574 -4630771.587495 3612827.943229 368.046197 450.316043 248.194171
287.00 -2754803.752995 -4630317.936508 3613073.502679 372.114352 456.987970 242.918532
288.00 -2754429.603139 -4629857.610678 3613313.777408 376.185574 463.663665 237.630674
289.00 -2754051.381553 -4629390.609166 3613548.763575 380.257908 470.339250 232.341470
290.00 -2753669.087042 -4628916.932188 3613778.459965 384.331328 477.014676 227.051085
291.00 -2753282.718587 -4628436.579775 3614002.865254 388.405887 483.690035 221.759330
292.00 -2752892.276912 -4627949.555656 3614221.986473 392.479033 490.360659 216.477106
293.00 -2752497.759658 -4627455.857407 3614435.816642 396.555806 497.035769 211.182968
294.00 -2752099.164985 -4626955.484072 3614644.351932 400.633753 503.710872 205.887409
295.00 -2751696.491853 -4626448.435644 3614847.591049 404.712841 510.385909 200.590589
296.00 -2751289.738972 -4625934.712179 3615045.532594 408.793129 517.060983 195.292320
297.00 -2750878.907598 -4625414.317647 3615238.183172 412.871566 523.730811 190.003065
298.00 -2750463.994846 -4624887.249331 3615425.535956 416.954178 530.405838 184.702221
299.00 -2750044.999348 -4624353.506662 3615607.588514 421.036867 537.078943 179.403554
300.00 -2749621.920112 -4623813.090146 3615784.340381 425.121824 543.754099 174.099936
301.00 -2749194.751705 -4623266.000642 3615955.787728 429.216882 550.423812 168.794538
302.00 -2748763.494574 -4622712.244880 3616121.938755 433.299966 557.091605 163.500674
303.00 -2748328.150438 -4622151.815572 3616282.785640 437.388661 563.766990 158.192800
304.00 -2747888.716879 -4621584.710788 3616438.323817 441.478686 570.442575 152.883325
305.00 -2747445.192735 -4621010.930340 3616588.551824 445.569951 577.118281 147.572427
306.00 -2746997.576601 -4620430.474081 3616733.468109 449.662538 583.794225 142.259931
307.00 -2746545.870221 -4619843.346594 3616873.078179 453.752607 590.464073 136.955059
308.00 -2746090.070186 -4619249.544424 3617007.375689 457.847723 597.140318 131.639665
309.00 -2745630.174400 -4618649.065811 3617136.356955 461.944193 603.816861 126.322622
310.00 -2745166.181447 -4618041.910591 3617260.020435 466.041965 610.493617 121.004061
311.00 -2744698.090076 -4617428.078396 3617378.364492 470.141114 617.170711 115.683825
312.00 -2744225.902035 -4616807.574249 3617491.394091 474.237446 623.841271 110.370528
313.00 -2743749.613887 -4616180.394193 3617599.103116 478.339226 630.518847 105.047218
314.00 -2743269.223190 -4615546.536373 3617701.487950 482.442416 637.196823 99.722188
315.00 -2742784.728687 -4614906.000406 3617798.546964 486.546957 643.875102 94.395550
316.00 -2742296.128862 -4614258.785955 3617890.278439 490.652930 650.553816 89.067154
317.00 -2741803.425877 -4613604.898203 3617976.686758 494.755807 657.225592 83.744969
318.00 -2741306.615861 -4612944.332971 3618057.766054 498.864504 663.904957 78.413301
319.00 -2740805.696459 -4612277.088077 3618133.512752 502.974660 670.584812 73.079817
320.00 -2740300.666211 -4611603.163147 3618203.925124 507.086211 677.265052 67.744623
321.00 -2739791.523607 -4610922.557726 3618269.001358 511.199239 683.945817 62.407578
322.00 -2739278.271004 -4610235.277263 3618328.745206 515.308906 690.619272 57.075951
323.00 -2738760.904329 -4609541.317256 3618383.151053 519.424732 697.300842 51.735407
324.00 -2738239.421117 -4608840.675338 3618432.215377 523.542058 703.982986 46.392942
325.00 -2737713.819820 -4608133.351093 3618475.936332 527.660810 710.665587 41.048645
326.00 -2737184.099054 -4607419.343891 3618514.311991 531.781074 717.348790 35.702385
327.00 -2736650.261149 -4606698.659549 3618547.345430 535.897721 724.024347 30.360689
328.00 -2736112.302078 -4605971.293159 3618575.031275 540.020830 730.708489 25.010673
329.00 -2735570.219046 -4605237.242302 3618597.366121 544.145457 737.393269 19.658596
330.00 -2735024.010735 -4604496.506391 3618614.347898 548.274417 744.080174 14.312288
331.00 -2734473.664486 -4603749.078764 3618626.004131 552.410853 750.771005 8.979841
332.00 -2733919.193260 -4602994.970940 3618632.309605 556.534717 757.449141 3.627522
333.00 -2733360.593502 -4602234.178387 3618633.257150 560.665102 764.136090 -1.732775
334.00 -2732797.862638 -4601466.698492 3618628.843303 564.796976 770.823698 -7.095301
335.00 -2732230.999172 -4600692.530780 3618619.065812 568.930229 777.511825 -12.460049
336.00 -2731660.001744 -4599911.674539 3618603.922435 573.064971 784.200639 -17.827055
337.00 -2731084.872959 -4599124.135902 3618583.414879 577.195741 790.881366 -23.191181
338.00 -2730505.608679 -4598329.909641 3618557.538178 581.333204 797.571216 -28.562626
339.00 -2729922.206150 -4597528.993196 3618526.288836 585.472099 804.261742 -33.936440
340.00 -2729334.664117 -4596721.385942 3618489.664527 589.612327 810.952798 -39.312577
341.00 -2728742.981104 -4595907.087293 3618447.662868 593.753926 817.644537 -44.691121
342.00 -2728147.160089 -4595086.103490 3618400.284904 597.891381 824.327872 -50.067606
343.00 -2727547.201862 -4594258.425380 3618347.527558 602.027911 831.026453 -55.448353
344.00 -2726943.101480 -4593424.052254 3618289.386457 606.173201 837.719775 -60.834243
345.00 -2726334.851107 -4592582.985659 3618225.869931 610.327468 844.413478 -66.200115
346.00 -2725722.449805 -4591735.225122 3618156.974778 614.475379 851.107569 -71.590578
347.00 -2725105.913542 -4590880.770119 3618082.694075 618.605563 857.803219 -76.975150
348.00 -2724485.233328 -4590019.619558 3618003.021481 622.755232 864.497860 -82.370469
349.00 -2723860.402743 -4589151.774323 3617917.952325 626.906111 871.192596 -87.768197
350.00 -2723231.420909 -4588277.234348 3617827.484308 631.057828 877.887272 -93.168287
351.00 -2722598.286587 -4587395.999766 3617731.615921 635.212652 884.581602 -98.562283
352.00 -2721961.001829 -4586508.077838 3617630.354060 639.360152 891.266926 -103.963756
353.00 -2721319.560606 -4585613.465401 3617523.700413 643.534323 897.954095 -109.306316
354.00 -2720673.945910 -4584712.165883 3617411.700516 647.692116 904.645630 -114.703593
355.00 -2720024.176780 -4583804.174491 3617294.291627 651.846057 911.336913 -120.114790
356.00 -2719370.253985 -4582889.492537 3617171.470150 655.999532 918.026553 -125.528532
357.00 -2718712.182546 -4581968.128743 3617043.235915 660.146307 924.705296 -130.941894
358.00 -2718049.960556 -4581040.080846 3616909.584934 664.297608 931.389983 -136.360466
359.00 -2717383.587902 -4580105.349754 3616770.514232 668.447425 938.071594 -141.781283
360.00 -2716713.066459 -4579163.938915 3616626.021715 672.595219 944.749313 -147.204080
361.00 -2716038.398387 -4578215.852537 3616476.105459 676.740577 951.422486 -152.628678
362.00 -2715359.590944 -4577261.102412 3616320.765938 680.876888 958.081376 -158.052068
363.00 -2714676.648220 -4576299.691421 3616159.993234 684.992639 964.733157 -163.523924
364.00 -2713989.614557 -4575331.646279 3615993.713811 689.094117 971.367456 -169.002859
365.00 -2713298.454674 -4574356.955394 3615821.998775 693.225109 978.012701 -174.426857
366.00 -2712603.165915 -4573375.624269 3615644.860789 697.351663 984.647583 -179.848813
367.00 -2711903.745946 -4572387.670004 3615462.339874 701.487019 991.258602 -185.194214
368.00 -2711200.195375 -4571393.111997 3615274.470496 705.613358 997.853794 -190.538870
369.00 -2710492.533708 -4570391.969360 3615081.227402 709.711148 1004.433023 -195.950026
370.00 -2709780.774921 -4569384.252833 3614882.580661 713.804577 1010.995545 -201.339311
371.00 -2709064.931948 -4568369.985214 3614678.536452 717.878668 1017.534879 -206.748593
372.00 -2708345.021230 -4567349.195395 3614469.084032 721.940728 1024.038138 -212.155869
373.00 -2707621.057979 -4566321.920850 3614254.226402 725.987806 1030.499117 -217.559734
374.00 -2706893.066032 -4565288.202189 3614033.969382 729.991148 1036.930883 -222.952278
375.00 -2706161.077300 -4564248.083535 3613808.335385 733.971887 1043.303641 -228.324822
376.00 -2705425.130658 -4563201.619383 3613577.321798 737.910716 1049.616150 -233.699621
377.00 -2704686.089869 -4562149.914981 3613341.183387 738.173769 1051.248588 -237.999191
378.00 -2703950.871341 -4561101.863962 3613102.015360 732.249553 1044.690960 -240.311009
379.00 -2703221.471394 -4560060.643610 3612860.649323 726.608694 1037.763741 -242.218717
380.00 -2702497.559468 -4559026.346175 3612617.889198 721.248076 1030.780255 -243.342462
381.00 -2701778.950059 -4557999.164573 3612373.906195 715.967759 1023.608150 -244.480995
382.00 -2701065.630189 -4556979.054976 3612129.207918 710.677142 1016.575808 -244.915326
383.00 -2700357.584091 -4555966.088013 3611883.986670 705.417471 1009.352376 -245.469463
384.00 -2699654.811994 -4554960.326484 3611638.478869 700.133738 1002.160900 -245.509365
385.00 -2698957.319713 -4553961.842424 3611392.947613 694.855541 994.793173 -245.544988
386.00 -2698262.854203 -4552967.420764 3611145.962704 695.421751 996.170494 -249.507063
387.00 -2697566.267162 -4551969.151683 3610893.662188 697.728713 1000.309300 -255.044357
388.00 -2696867.447262 -4550966.912759 3610636.011925 699.882362 1004.108268 -260.162176
389.00 -2696166.571617 -4549961.093931 3610373.492215 701.802523 1007.442867 -264.799549
390.00 -2695463.993519 -4548952.271116 3610106.555218 703.265743 1010.053814 -268.994085
391.00 -2694760.249702 -4547941.309740 3609835.900076 704.088620 1011.691139 -272.058723
392.00 -2694056.063384 -4546929.276739 3609562.877129 704.172024 1012.174491 -273.938007
393.00 -2693352.151866 -4545917.389215 3609287.943518 703.492327 1011.374887 -275.992232
394.00 -2692649.420342 -4544906.994548 3609010.982264 701.803515 1009.155068 -277.741601
395.00 -2691948.876970 -4543899.704518 3608732.986428 699.090318 1005.081632 -278.043175
396.00 -2691251.714454 -4542897.521269 3608455.082342 694.956030 998.937001 -277.684043
397.00 -2690559.493877 -4541902.633992 3608178.021573 689.227791 990.374535 -276.153255
398.00 -2689873.863511 -4540917.733587 3607903.257255 681.675713 978.949407 -273.158316
399.00 -2689196.851332 -4539945.783827 3607632.208701 671.998506 964.368723 -268.709105
400.00 -2688530.650984 -4538990.179236 3607366.422590 659.996498 946.223864 -262.429298
401.00 -2687877.666188 -4538054.648947 3607107.952096 645.527355 924.197292 -254.346059
402.00 -2687240.479450 -4537143.096214 3606858.594037 628.430295 898.205199 -243.947144
403.00 -2686621.629087 -4536259.526408 3606620.641426 608.887085 868.316262 -231.630961
404.00 -2686023.449355 -4535407.630565 3606395.999173 587.126050 834.967579 -217.224164
405.00 -2685447.966782 -4534590.535724 3606186.631877 563.573428 798.817344 -201.239265
406.00 -2684896.717336 -4533810.721649 3605994.016136 538.723826 760.528931 -183.869302
407.00 -2684370.863819 -4533069.926905 3605819.297091 512.851984 720.896894 -165.513307
408.00 -2683871.232334 -4532369.179295 3605663.121711 486.314682 680.451501 -146.903061
409.00 -2683398.143019 -4531709.295534 3605525.469814 460.028016 639.197806 -128.584069
410.00 -2682950.912297 -4531090.766086 3605405.748437 434.552958 597.998906 -111.006158
411.00 -2682528.663472 -4530512.625773 3605303.078204 410.290948 558.590657 -94.464850
412.00 -2682129.627866 -4529972.981850 3605216.427529 388.047286 521.061072 -78.871625
413.00 -2681752.198658 -4529469.558259 3605144.992353 366.956370 486.319610 -64.168098
414.00 -2681395.311440 -4528999.276444 3605087.562055 346.979082 454.811935 -50.964256
415.00 -2681058.037959 -4528558.748838 3605042.585041 327.688108 426.833681 -39.352944
416.00 -2680739.637800 -4528144.519426 3605008.165923 309.305114 402.100141 -29.797371
417.00 -2680439.030098 -4527753.715400 3604982.522219 292.048676 379.880595 -21.579602
418.00 -2680155.309489 -4527384.133559 3604965.021496 275.535087 359.534080 -13.395804
419.00 -2679887.551724 -4527034.079962 3604955.556723 260.355437 340.963496 -5.994412
420.00 -2679633.597549 -4526701.319499 3604951.607723 248.054606 324.970762 -2.596250
421.00 -2679390.668994 -4526383.541903 3604949.524385 238.065852 310.784428 -1.746006
422.00 -2679157.131682 -4526079.392111 3604948.063964 229.134769 297.689965 -1.173206
423.00 -2678932.121154 -4525787.808783 3604947.056671 221.033010 285.657172 -0.933807
424.00 -2678714.800697 -4525507.737918 3604946.036481 213.706272 274.653717 -1.192103
425.00 -2678504.517706 -4525238.092652 3604944.635974 207.005130 264.884382 -1.555011
426.00 -2678300.486288 -4524977.460292 3604942.924542 201.233973 256.673196 -1.975067
427.00 -2678101.706544 -4524724.133745 3604940.471358 196.478811 250.244813 -3.008383
428.00 -2677907.289936 -4524476.569155 3604936.857273 192.430572 244.996484 -4.251878
429.00 -2677716.713838 -4524233.959727 3604931.933652 188.780614 240.308178 -5.622268
430.00 -2677529.631452 -4523995.773622 3604925.561609 185.424383 236.159607 -7.186062
431.00 -2677345.815683 -4523761.476255 3604917.441351 182.227396 232.495390 -9.099393
432.00 -2677165.152092 -4523530.692946 3604907.341606 179.114117 229.105498 -11.096253
433.00 -2676987.547535 -4523303.182300 3604895.188468 176.109441 225.969748 -13.278782
434.00 -2676812.898462 -4523078.667119 3604880.711367 173.202472 223.091981 -15.698157
435.00 -2676641.112310 -4522856.951309 3604863.807232 170.402785 220.367780 -18.075113
436.00 -2676471.774314 -4522637.721168 3604844.642304 167.406641 217.184214 -21.261363
437.00 -2676307.583174 -4522424.032902 3604820.556729 160.821893 209.961318 -26.650172
438.00 -2676157.075657 -4522227.125186 3604793.289966 136.513239 178.992787 -27.189515
439.00 -2676035.931323 -4522068.080680 3604766.831880 105.935264 139.151134 -25.360210
440.00 -2675945.070758 -4521948.163259 3604743.034268 75.630969 100.556640 -22.360002
441.00 -2675882.867805 -4521864.937629 3604722.868113 54.120360 72.829874 -19.485973
442.00 -2675831.415933 -4521795.233183 3604702.351497 49.034646 66.923644 -21.473836
443.00 -2675784.943877 -4521731.508022 3604680.403049 43.737912 60.275641 -22.391448
444.00 -2675743.993921 -4521674.748884 3604657.879631 38.176333 53.326511 -22.589775
445.00 -2675708.401493 -4521624.665196 3604635.530855 33.072426 46.930043 -22.040287
446.00 -2675677.905064 -4521581.060598 3604613.877664 28.100946 40.446319 -21.366310
447.00 -2675651.744030 -4521543.024171 3604592.845969 24.145031 35.496197 -20.276349
448.00 -2675629.719198 -4521510.292447 3604573.489426 20.143163 30.209476 -18.614732
449.00 -2675611.346349 -4521482.611417 3604555.624986 16.559793 25.178595 -16.952065
450.00 -2675596.672813 -4521459.996920 3604540.078312 12.796352 20.069198 -14.021083
451.00 -2675585.575346 -4521442.423802 3604527.387302 9.534603 15.142690 -11.485355
452.00 -2675577.400592 -4521429.440683 3604517.223186 6.835427 10.910469 -8.660223
453.00 -2675571.897862 -4521420.567656 3604510.255105 4.150110 6.778101 -5.254472
454.00 -2675569.104518 -4521415.911683 3604506.609806 1.713384 2.909125 -2.376098
455.00 -2675567.661156 -4521413.445409 3604504.547270 1.220120 2.022653 -1.632382
456.00 -2675566.646097 -4521411.794453 3604503.342198 0.805155 1.296683 -0.836283
457.00 -2675566.130855 -4521411.044882 3604502.941447 0.710546 1.056323 -0.673298
458.00 -2675565.409501 -4521409.948305 3604502.182470 0.027268 -0.055272 0.128050
459.00 -2675565.711070 -4521410.551916 3604502.738806 -0.193476 -0.415373 0.392948
460.00 -2675565.554286 -4521410.362008 3604502.627705 0.284738 0.424806 -0.322378
461.00 -2675565.508585 -4521410.320602 3604502.590829 -0.141739 -0.258886 0.185133
462.00 -2675565.588084 -4521410.462466 3604502.665812 0.031292 0.056819 -0.100505
463.00 -2675565.550386 -4521410.384558 3604502.534810 -0.019491 -0.010853 -0.070480
464.00 -2675565.613996 -4521410.467308 3604502.517651 -0.061747 -0.079294 -0.021840
465.00 -2675565.637672 -4521410.485203 3604502.448859 -0.002812 0.012745 -0.089129
466.00 -2675565.654593 -4521410.502924 3604502.391759 -0.029424 -0.046212 -0.025657